0.0 0.9999164148262951 0.4731544792135768
5.6973564266180484E-5 0.9998409259817091 0.49627805243726203
1.1394712853236097E-4 0.9997658064318851 0.5193687648601305
1.7092069279854146E-4 0.9996912825970582 0.5424269287881756
2.2789425706472194E-4 0.9996176015749322 0.5654529116997019
2.8486782133090244E-4 0.9995450456586585 0.5884471498089181
3.418413855970829E-4 0.9994739413857101 0.6114101586257631
3.988149498632634E-4 0.9994046671965059 0.6343425447633938
4.557885141294439E-4 0.9993376608177312 0.6572450190797217
5.127620783956244E-4 0.9992734267633917 0.6801184112391188
5.697356426618049E-4 0.9992125441294741 0.7029636858506606
6.267092069279853E-4 0.9991556747755166 0.7257819603659545
6.836827711941658E-4 0.9991035719439482 0.7485745249374326
7.406563354603463E-4 0.9990570893434981 0.7713428644676333
7.976298997265268E-4 0.9990171907167128 0.7940886831368824
8.546034639927072E-4 0.9989849599279447 0.8168139317890512
9.115770282588877E-4 0.9989616116467754 0.8395208386903924
9.685505925250683E-4 0.9989485027573486 0.8622119443548498
0.0010255241567912487 0.9989471446891877 0.8848901413533542
0.0010824977210574292 0.9989592169344204 0.9075587202979738
0.0011394712853236098 0.9989865820878396 0.9302214235236265
0.00119644484958979 0.9990313028241768 0.9528825083963939
0.0012534184138559706 0.9990956613175211 0.975546822682307
0.0013103919781221511 0.9991821817202307 0.9982198950409227
0.0013673655423883317 0.9992936564554132 1.020908044493142
0.0014243391066545122 0.9994331772338959 1.0436185136753309
0.0014813126709206925 0.9996041718594084 1.0663596318272826
0.001538286235186873 0.9998104479779353 1.089141014716949
0.0015952597994530536 1.0000562448513128 1.1119738099176502
0.0016522333637192341 1.0003462938045171 1.1348709966928847
0.0017092069279854144 1.0006858869201372 1.1578477495988628
0.001766180492251595 1.001080951423427 1.1809218728233328
0.0018231540565177755 1.0015381235139746 1.2041143068623357
0.001880127620783956 1.0020648096481002 1.2274496986901988
0.0019371011850501366 1.0026692151360013 1.250957009354633
0.001994074749316317 1.0033603095416908 1.274670107708677
0.0020510483135824974 1.00414768674992 1.2986282659396824
0.0021080218778486777 1.0050412668471314 1.3228764342359822
0.0021649954421148585 1.0060507806006027 1.3474651341551498
0.0022219690063810388 1.0071849798015664 1.3724497823704558
0.0022789425706472195 1.0084505327891478 1.3978892505388874
0.0023359161349134 1.0098505977138368 1.4238434957049486
0.00239288969917958 1.0113831173579522 1.4503701687062898
0.002449863263445761 1.013038945072973 1.4775202283248905
0.0025068368277119412 1.0147999828743322 1.5053327487510257
0.002563810391978122 1.0166375764539184 1.5338292874140345
0.0026207839562443023 1.018511451633313 1.5630083486855186
0.0026777575205104826 1.0203694771866831 1.5928405997718433
0.0027347310847766633 1.022148489624936 1.6232655335925001
0.0027917046490428437 1.0237763148676364 1.6541902057613047
0.0028486782133090244 1.025174979109937 1.6854904936736619
0.0029056517775752047 1.0262649365379244 1.7170150523894465
0.002962625341841385 1.0269699821078713 1.7485918129257145
0.003019598906107566 1.027222392535909 1.7800365366206279
0.003076572470373746 1.026967772638146 1.811162661028141
0.0031335460346399264 1.0261690918199984 1.841791496674095
0.003190519598906107 1.0248094779039028 1.871761789703708
0.0032474931631722875 1.0228934798120233 1.900937758219169
0.0033044667274384682 1.0204466930190124 1.9292149204175235
0.0033614402917046485 1.0175138323714634 1.9565233213733046
0.003418413855970829 1.0141555062536547 1.9828280827786198
0.0034753874202370096 1.0104440704108733 2.008127496296725
0.00353236098450319 1.0064590049722033 2.0324491156705338
0.0035893345487693707 1.0022822614787552 2.055844449985362
0.003646308113035551 0.9979939753965349 2.0783829127984674
0.0037032816773017313 0.9936688485105388 2.1001456476229676
0.003760255241567912 0.9893733932976355 2.121219749692465
0.0038172288058340924 0.9851641163334518 2.1416932633258683
0.003874202370100273 0.9810866153739811 2.161651180302081
0.003931175934366453 0.9771754853948073 2.181172520165567
0.003988149498632634 0.9734548774772742 2.2003284543284987
0.004045123062898814 0.969939530912507 2.2191813506536673
0.004102096627164995 0.9666360993940852 2.2377845654293576
0.0041590701914311756 0.963544610608241 2.2561827915733534
0.0042160437556973554 0.9606599280919345 2.2744127786124513
0.004273017319963536 0.9579731185509958 2.29250426333753
0.004329990884229717 0.9554726617733477 2.3104809822227357
0.004386964448495898 0.9531454702677427 2.3283616712549224
0.0044439380127620776 0.9509777098109486 2.346160991106009
0.004500911577028258 0.9489554295394128 2.3638903427991638
0.004557885141294439 0.947065021405915 2.3815585599745206
0.004614858705560619 0.9452935346772561 2.3991724785393966
0.0046718322698268 0.9436288729012037 2.4167373936430687
0.0047288058340929804 0.9420598996655482 2.434257418664748
0.00478577939835916 0.940576476628663 2.45173576246535
0.004842752962625341 0.9391694536099949 2.4691749406217083
0.004899726526891522 0.9378306266433206 2.486576934652853
0.004956700091157702 0.9365526762370273 2.503943311011454
0.0050136736554238824 0.9353290948925492 2.5212753093018843
0.005070647219690063 0.9341541102999539 2.53857390703889
0.005127620783956244 0.9330226085617255 2.5558398663798845
0.005184594348222424 0.9319300602389878 2.573073766641456
0.005241567912488605 0.9308724508858158 2.5902760249439973
0.005298541476754785 0.9298462169518719 2.6074469058686383
0.005355515041020965 0.9288481874052666 2.6245865193339086
0.005412488605287146 0.9278755310857494 2.6416948037394583
0.005469462169553327 0.9269257095848976 2.6587714884566105
0.005526435733819507 0.9259964353196243 2.675816025613215
0.005583409298085687 0.9250856343869702 2.692827475454247
0.005640382862351868 0.9241914137395241 2.7098043220552515
0.005697356426618049 0.9233120321911579 2.7267441866657434
0.005754329990884229 0.9224458747452372 2.7436433946151166
0.0058113035551504095 0.9215914297364997 2.760496339114515
0.00586827711941659 0.9207472682961086 2.7772945726838394
0.00592525068368277 0.919912025699653 2.794025546320598
0.005982224247948951 0.9190843842463439 2.8106709107377283
0.006039197812215132 0.9182630574560889 2.8272042965664324
0.0060961713764813115 0.9174467755591067 2.8435885053001004
0.006153144940747492 0.9166342724869434 2.8597720737412664
0.006210118505013673 0.915824274837258 2.8756852247053395
0.006267092069279853 0.9150154935492104 2.891235286774322
0.006324065633546034 0.9142066192511067 2.9063017542637497
0.006381039197812214 0.9133963223819023 2.9207312600168347
0.006438012762078395 0.9125832591915983 2.9343328390422507
0.006494986326344575 0.9117660845541937 2.9468739576413427
0.006551959890610756 0.9109434721536896 2.9580778551959956
0.0066089334548769365 0.910114142033705 2.9676227780661866
0.006665907019143116 0.9092768947657768 2.975143662487029
0.006722880583409297 0.9084306506610655 2.9802367356059203
0.006779854147675478 0.907574491620344 2.9824673472945573
0.006836827711941658 0.9067077025035691 2.9813811251869535
0.0068938012762078385 0.9058298084200999 2.976518276085558
0.006950774840474019 0.9049406041946432 2.9674305617862475
0.0070077484047402 0.9040401725167198 2.9537001865196753
0.00706472196900638 0.9031288879498007 2.9349595797862356
0.007121695533272561 0.9022074050184496 2.910910874417708
0.007178669097538741 0.9012766299120907 2.8813437915684683
0.007235642661804921 0.9003376768020487 2.8461506686341265
0.007292616226071102 0.899391811197831 2.8053375069080793
0.007349589790337283 0.898440384001817 2.759030163616468
0.007406563354603463 0.8974847608108961 2.7074751456074786
0.007463536918869643 0.8965262514574953 2.651034847158686
0.007520510483135824 0.8955660447329808 2.5901774739476053
0.007577484047402004 0.8946051527099405 2.5254622699590663
0.007634457611668185 0.8936443681496669 2.4575209785426275
0.0076914311759343655 0.8926842372658902 2.387036695468688
0.007748404740200546 0.8917250487608865 2.3147213939673223
0.007805378304466726 0.8907668387063669 2.2412934147152237
0.007862351868732907 0.8898094096471321 2.1674561245845405
0.007919325432999088 0.8888523613667538 2.093878773502265
0.007976298997265268 0.887895130138722 2.0211803427382717
0.008033272561531449 0.886937033017116 1.9499169075773475
0.008090246125797628 0.8859773137801872 1.8805727599432773
0.008147219690063809 0.8850151874772361 1.8135552765290495
0.00820419325432999 0.8840498810721099 1.7491932946360682
0.00826116681859617 0.8830806683409866 1.6877385841673813
0.008318140382862351 0.8821068978881701 1.6293698862962784
0.008375113947128532 0.8811280138182965 1.574198927322207
0.008432087511394711 0.8801435691925475 1.5222778051348074
0.008489061075660892 0.879153232864401 1.4736071769470922
0.008546034639927072 0.8781567906197454 1.4281447399068166
0.008603008204193253 0.877154141739214 1.3858135796514148
0.008659981768459434 0.8761452921680171 1.3465100552716989
0.008716955332725615 0.8751303454457079 1.3101109834239417
0.008773928896991795 0.8741094924395203 1.2764799724120046
0.008830902461257974 0.8730830007679544 1.2454728340676362
0.008887876025524155 0.8720512046217838 1.216942064396338
0.008944849589790336 0.8710144955059219 1.1907404322495554
0.009001823154056517 0.8699733142551584 1.1667237491812417
0.009058796718322697 0.868928144528799 1.1447529146058995
0.009115770282588878 0.8678795078676532 1.1246953404541862
0.009172743846855057 0.8668279603056395 1.1064258610374662
0.009229717411121238 0.8657740904626356 1.0898272290858009
0.009286690975387419 0.8647185190039909 1.0747902900110762
0.0093436645396536 0.8636618993278992 1.0612139151503373
0.00940063810391978 0.8626049193306878 1.0490047624778844
0.009457611668185961 0.8615483040965731 1.0380769210852996
0.009514585232452142 0.8604928193550128 1.0283514843293047
0.00957155879671832 0.8594392755439855 1.0197560863665944
0.009628532360984501 0.8583885323049959 1.0122244280369157
0.009685505925250682 0.8573415032121678 1.0056958107561542
0.009742479489516863 0.8562991605027742 1.0001146911670205
0.009799453053783044 0.855262539526027 0.9954302646171882
0.009856426618049224 0.8542327425635453 0.9915960819162092
0.009913400182315403 0.8532109415971334 0.9885697010736765
0.009970373746581584 0.8521983795140972 0.9863123736633808
0.010027347310847765 0.8511963691484761 0.9847887639325484
0.010084320875113946 0.850206289470036 0.9839666976513018
0.010141294439380126 0.8492295781577036 0.9838169368714976
0.010198268003646307 0.8482677197450618 0.9843129761649833
0.010255241567912488 0.8473222285130937 0.9854308554912402
0.010312215132178667 0.8463946253460127 0.9871489845835165
0.010369188696444848 0.8454864078702966 0.9894479736364482
0.010426162260711028 0.8445990133783985 0.9923104651398281
0.01048313582497721 0.8437337743023146 0.9957209619511723
0.01054010938924339 0.8428918663517309 0.9996656471577264
0.01059708295350957 0.8420742498604621 1.0041321919632673
0.010654056517775751 0.841281605380301 1.0091095487562893
0.01071103008204193 0.84051426510117 1.0145877276664041
0.010768003646308111 0.8397721422290837 1.02055755627005
0.010824977210574292 0.8390546609818437 1.0270104236189705
0.010881950774840473 0.8383606903218849 1.0339380113678083
0.010938924339106653 0.8376884848921001 1.0413320163844582
0.010995897903372834 0.8370356368095293 1.0491838707396168
0.011052871467639013 0.8363990419658349 1.057484466282764
0.011109845031905194 0.8357748842558732 1.0662238920151346
0.011166818596171375 0.8351586406923907 1.0753911930719493
0.011223792160437555 0.834545109670071 1.0849741602511849
0.011280765724703736 0.8339284637382114 1.094959158627392
0.011337739288969917 0.8333023271684395 1.1053310028567056
0.011394712853236098 0.8326598774192245 1.1160728853373758
0.011451686417502277 0.8319939683733251 1.1271663615053642
0.011508659981768457 0.8312972720337614 1.138591394316453
0.011565633546034638 0.830562434291705 1.1503264575223195
0.011622607110300819 0.8297822394959792 1.1623486948388566
0.011679580674567 0.8289497779286211 1.174634129680483
0.01173655423883318 0.8280586099667062 1.187157917953315
0.01179352780309936 0.8271029207171378 1.19989463458875
0.01185050136736554 0.8260776592518313 1.2128185831724767
0.011907474931631721 0.824978657224702 1.2259041172514722
0.011964448495897902 0.8238027225793053 1.2391259617186763
0.012021422060164082 0.8225477051960568 1.2524595230738846
0.012078395624430263 0.8212125326085363 1.2658811782952464
0.012135369188696444 0.8197972152585917 1.2793685334494918
0.012192342752962623 0.8183028220794917 1.2929006449140739
0.012249316317228804 0.8167314284185256 1.3064581980629326
0.012306289881494984 0.8150860393705106 1.3200236403487617
0.012363263445761165 0.8133704924400444 1.3335812677766727
0.012420237010027346 0.8115893440500692 1.3471172656939536
0.012477210574293527 0.8097477447522959 1.3606197065248318
0.012534184138559706 0.8078513080730152 1.374078508488354
0.012591157702825886 0.805905977765993 1.3874853604079025
0.012648131267092067 0.803917897873 1.400833618432496
0.012705104831358248 0.8018932894544131 1.4141181808519632
0.012762078395624429 0.7998383371934165 1.4273353472224553
0.01281905195989061 0.7977590883474251 1.4404826677705578
0.01287602552415679 0.7956613657652031 1.4535587885638663
0.01293299908842297 0.7935506959511495 1.4665632972824645
0.01298997265268915 0.7914322524744238 1.479496573657117
0.01304694621695533 0.7893108144166397 1.4923596478110093
0.013103919781221511 0.78719073904852 1.5051540689023426
0.013160893345487692 0.7850759475302533 1.5178817856526308
0.013217866909753873 0.7829699221476479 1.530545039592086
0.013274840474020054 0.780875713420061 1.5431462711766033
0.013331814038286233 0.77879595533803 1.5556880383421334
0.013388787602552413 0.7767328869953702 1.5681729465608782
0.013445761166818594 0.7746883789561602 1.580603589046828
0.013502734731084775 0.7726639628259501 1.5929824954122493
0.013559708295350956 0.7706608626627158 1.605312086789379
0.013616681859617136 0.768680027051154 1.6175946351879138
0.013673655423883315 0.7667221608620426 1.629832224644231
0.013730628988149496 0.7647877559144951 1.6420267115212472
0.013787602552415677 0.7628771199462108 1.6541796811325242
0.013844576116681858 0.7609904034674768 1.666292397687548
0.013901549680948038 0.7591276242263538 1.6783657443937892
0.01395852324521422 0.7572886891420174 1.6904001504189545
0.0140154968094804 0.7554734136704565 1.702395501331697
0.014072470373746579 0.7536815386529111 1.7143510296325966
0.01412944393801276 0.7519127447629305 1.72626518209155
0.01418641750227894 0.7501666647161911 1.738135460862979
0.014243391066545121 0.7484428934397239 1.7499582357971144
0.014300364630811302 0.7467409964171765 1.7617285260445577
0.014357338195077483 0.7450605164357835 1.7734397499956354
0.014414311759343662 0.7434009789621518 1.785083443831917
0.014471285323609842 0.7417618963687014 1.7966489505008962
0.014528258887876023 0.7401427712225636 1.8081230827505768
0.014585232452142204 0.7385430988357509 1.8194897659399834
0.014642206016408385 0.7369623692592473 1.830729668617556
0.014699179580674565 0.7354000688862204 1.841819831241031
0.014756153144940746 0.7338556818103006 1.852733305784401
0.014813126709206925 0.7323286910648518 1.8634388212005326
0.014870100273473106 0.7308185798478817 1.8739004916216637
0.014927073837739287 0.7293248328155278 1.884077585617494
0.014984047402005467 0.7278469375046234 1.8939243756248096
0.015041020966271648 0.7263843859226309 1.9033900866570321
0.015097994530537829 0.7249366763202708 1.912418962472632
0.015154968094804008 0.7235033151410354 1.9209504654387244
0.015211941659070189 0.7220838191212173 1.9289196233343966
0.01526891522333637 0.7206777174954567 1.9362575323240874
0.01532588878760255 0.7192845542473962 1.942892020385962
0.015382862351868731 0.717903890332494 1.948748469762982
0.015439835916134912 0.7165353057919304 1.9537507907403902
0.015496809480401092 0.7151784016725972 1.9578225325201668
0.015553783044667271 0.713832801669535 1.9608881104794804
0.015610756608933452 0.7124981534125489 1.962874123008956
0.015667730173199633 0.7111741293300924 1.963710725769667
0.015724703737465814 0.7098604270375645 1.963333026905711
0.015781677301731994 0.708556769215746 1.961682463782969
0.015838650865998175 0.7072629029658385 1.9587081204049486
0.015895624430264356 0.7059785986492763 1.95436794492126
0.015952597994530537 0.7047036482429956 1.9486298286353798
0.016009571558796717 0.7034378632615927 1.9414725115843234
0.016066545123062898 0.702181072316753 1.9328862849592445
0.016123518687329075 0.7009331183994875 1.9228734671266206
0.016180492251595256 0.6996938559823203 1.911448637497223
0.016237465815861437 0.6984631480447077 1.898638620612395
0.016294439380127618 0.6972408631269549 1.8844822211903773
0.0163514129443938 0.6960268725144385 1.8690297191059488
0.01640838650865998 0.6948210476458526 1.852342140987523
0.01646536007292616 0.6936232578277224 1.8344903319686048
0.01652233363719234 0.6924333683221384 1.8155538568472098
0.01657930720145852 0.6912512388573389 1.7956197642758716
0.016636280765724702 0.6900767225923765 1.7747812504959755
0.016693254329990883 0.6889096655482619 1.753136260497836
0.016750227894257064 0.6877499065004398 1.7307860643602646
0.016807201458523244 0.6865972773103531 1.707833845009131
0.016864175022789422 0.68545160366072 1.6843833308937504
0.016921148587055602 0.6843127061473884 1.6605375033296548
0.016978122151321783 0.6831804016726886 1.6363974037355977
0.017035095715587964 0.6820545050803327 1.6120610609627761
0.017092069279854145 0.6809348309701855 1.5876225536300774
0.017149042844120325 0.6798211956321036 1.5631712170855023
0.017206016408386506 0.6787134190418209 1.5387909995274858
0.017262989972652687 0.6776113268672934 1.5145599671243293
0.017319963536918868 0.6765147524410552 1.4905499538068123
0.01737693710118505 0.6754235386616478 1.4668263478838928
0.01743391066545123 0.6743375397963198 1.4434480047970653
0.01749088422971741 0.6732566231645475 1.4204672732121084
0.01754785779398359 0.6721806706900216 1.3979301202278693
0.017604831358249768 0.6711095803155426 1.3758763407193428
0.01766180492251595 0.6700432672800432 1.354339835659578
0.01771877848678213 0.668981665262116 1.3333489446002962
0.01777575205104831 0.6679247273957765 1.3129268182437341
0.01783272561531449 0.6668724271657133 1.2930918181126798
0.017889699179580672 0.6658247591883278 1.2738579316325702
0.017946672743846852 0.6647817398824417 1.2552351923878027
0.018003646308113033 0.6637434080298653 1.2372300968321417
0.018060619872379214 0.6627098252211763 1.2198460102480593
0.018117593436645395 0.6616810761753814 1.2030835562137925
0.018174567000911575 0.6606572689162701 1.1869409852013613
0.018231540565177756 0.6596385347796283 1.1714145191692746
0.018288514129443937 0.6586250282191269 1.1564986701072264
0.018345487693710114 0.6576169263699753 1.1421865314284654
0.018402461257976295 0.6566144283238672 1.1284700418872777
0.018459434822242476 0.6556177540617727 1.1153402223284958
0.018516408386508657 0.6546271429872319 1.102787386064573
0.018573381950774837 0.6536428520002292 1.0908013240345484
0.018630355515041018 0.6526651530511924 1.0793714661479659
0.0186873290793072 0.6516943301175683 1.0684870203679726
0.01874430264357338 0.6507306755508955 1.0581370911620473
0.01880127620783956 0.6497744857515128 1.0483107789614043
0.01885824977210574 0.6488260561408435 1.0389972622360155
0.018915223336371922 0.6478856754176797 1.030185863727071
0.018972196900638102 0.6469536191048887 1.0218661022929612
0.019029170464904283 0.6460301424165316 1.014027731730654
0.01908614402917046 0.645115472501457 1.006660767839232
0.01914311759343664 0.6442098001478985 0.9997555049026439
0.019200091157702822 0.6433132710630961 0.9933025226899252
0.019257064721969003 0.6424259768717866 0.9872926850058028
0.019314038286235184 0.6415479460063032 0.9817171307732754
0.019371011850501364 0.6406791346868956 0.9765672585946096
0.019427985414767545 0.6398194182140678 0.9718347057132718
0.019484958979033726 0.6389685828115339 0.9675113222889375
0.019541932543299907 0.6381263182700773 0.9635891418933179
0.019598906107566087 0.6372922116453554 0.9600603491358567
0.019655879671832268 0.6364657422585334 0.9569172453298244
0.01971285323609845 0.635646278234096 0.9541522131075171
0.01976982680036463 0.6348330747866182 0.9517576808844567
0.019826800364630807 0.6340252744356984 0.9497260880535054
0.019883773928896988 0.6332219092879526 0.9480498517572441
0.01994074749316317 0.6324219054769558 0.9467213360402114
0.01999772105742935 0.6316240897977918 0.9457328241185988
0.02005469462169553 0.6308271985147267 0.945076494425608
0.02011166818596171 0.6300298882597577 0.9447444009947816
0.02016864175022789 0.629230748879106 0.9447284586343079
0.020225615314494072 0.6284283180261797 0.9450204332237694
0.020282588878760253 0.6276210972454408 0.9456119373356252
0.020339562443026434 0.6268075692441414 0.9464944312487107
0.020396536007292614 0.6259862160098406 0.9476592292863919
0.020453509571558795 0.625155537402732 0.949097511279959
0.020510483135824976 0.6243140698341975 0.9508003388339352
0.020567456700091157 0.6234604046369103 0.9527586759570121
0.020624430264357334 0.6225932057388261 0.9549634135249768
0.020681403828623515 0.6217112262710383 0.9574053969609386
0.020738377392889695 0.6208133237694299 0.9600754564590697
0.020795350957155876 0.6198984736689855 0.9629644390371476
0.020852324521422057 0.6189657808377095 0.9660632416868243
0.020909298085688238 0.618014488950772 0.9693628448927564
0.02096627164995442 0.617043987564614 0.9728543458155005
0.0210232452142206 0.6160538168111355 0.9765289904741905
0.02108021877848678 0.6150436696932319 0.9803782043220125
0.02113719234275296 0.6140133920217564 0.9843936206771817
0.02119416590701914 0.6129629800890886 0.9885671065508923
0.021251139471285322 0.6118925762240282 0.9928907854993004
0.021308113035551503 0.6108024624151197 0.9973570572138801
0.02136508659981768 0.6096930522248559 1.0019586136520289
0.02142206016408386 0.6085648812430208 1.006688451592856
0.02147903372835004 0.6074185963453809 1.0115398815801684
0.021536007292616222 0.6062549440328325 1.0165065332829923
0.021592980856882403 0.6050747581267737 1.0215823573615397
0.021649954421148584 0.6038789470896885 1.0267616239723931
0.021706927985414765 0.6026684812262474 1.032038918079888
0.021763901549680945 0.6014443800010962 1.0374091317607343
0.021820875113947126 0.6002076996855064 1.0428674536961804
0.021877848678213307 0.5989595215183245 1.0484093560413394
0.021934822242479488 0.5977009405368253 1.0540305788447817
0.02199179580674567 0.5964330552033512 1.0597271121657417
0.02204876937101185 0.5951569579229623 1.0654951760020737
0.022105742935278026 0.5938737265179358 1.0713311981016331
0.022162716499544207 0.5925844166977138 1.0772317896851178
0.022219690063810388 0.5912900555370557 1.0831937190629333
0.02227666362807657 0.589991635952936 1.0892138830824858
0.02233363719234275 0.5886901121513659 1.095289276301366
0.02239061075660893 0.5873863959987613 1.101416957746079
0.02244758432087511 0.5860813542601403 1.1075940150891266
0.02250455788514129 0.5847758066364208 1.1138175260625667
0.022561531449407472 0.5834705245266163 1.1200845169252285
0.022618505013673653 0.5821662304368644 1.1263919178158819
0.022675478577939834 0.5808635979571926 1.1327365148593964
0.022732452142206015 0.5795632522271982 1.1391148989459856
0.022789425706472195 0.5782657708151587 1.145523411179899
0.022846399270738373 0.5769716849386651 1.151958085089135
0.022903372835004553 0.5756814809601929 1.1584145858070334
0.022960346399270734 0.5743956020971893 1.1648881465725212
0.023017319963536915 0.573114450292341 1.1713735030518746
0.023074293527803096 0.5718383881965081 1.1778648261532039
0.023131267092069276 0.5705677412234229 1.1843556541843439
0.023188240656335457 0.5693027996414946 1.1908388253879736
0.023245214220601638 0.5680438206741517 1.1973064120690724
0.02330218778486782 0.5667910305856865 1.2037496577022846
0.023359161349134 0.5655446267343108 1.2101589185624262
0.02341613491340018 0.5643047795788348 1.2165236115513947
0.02347310847766636 0.563071634628531 1.2228321699928544
0.02353008204193254 0.5618453143291993 1.2290720092221
0.02358705560619872 0.5606259198807173 1.235229503807824
0.0236440291704649 0.5594135329830313 1.2412899781965439
0.02370100273473108 0.5582082175091762 1.2472377124671732
0.02375797629899726 0.5570100211043726 1.2530559647181037
0.023814949863263442 0.5558189767112104 1.258727011382136
0.023871923427529623 0.5546351040206839 1.2642322064779274
0.023928896991795803 0.5534584108489414 1.2695520604637245
0.023985870556061984 0.5522888944395984 1.274666338966569
0.024042844120328165 0.5511265426909662 1.2795541812286968
0.024099817684594346 0.549971335307328 1.284194237650116
0.024156791248860526 0.5488232448733298 1.2885648253298072
0.024213764813126707 0.5476822378501202 1.292644100028208
0.024270738377392888 0.5465482754922557 1.2964102425081903
0.024327711941659065 0.54542131468411 1.2998416567754372
0.024384685505925246 0.5443013086952055 1.3029171773468844
0.024441659070191427 0.5431882078541425 1.3056162823430881
0.024498632634457607 0.5420819601413784 1.3079193089376857
0.024555606198723788 0.5409825117022505 1.309807667517653
0.02461257976298997 0.5398898072818393 1.3112640508172004
0.02466955332725615 0.5388037905848522 1.3122726342923463
0.02472652689152233 0.5377244045643838 1.312819264103664
0.02478350045578851 0.5366515916440798 1.3128916292694592
0.024840474020054692 0.5355852938798772 1.3124794148363614
0.024897447584320873 0.5345254530674426 1.3115744332802621
0.024954421148587053 0.5334720108028613 1.3101707317872888
0.025011394712853234 0.5324249085041317 1.3082646735593675
0.02506836827711941 0.5313840874018383 1.3058549918252613
0.025125341841385592 0.5303494885072058 1.3029428158025
0.025182315405651773 0.5293210525660217 1.2995316684282567
0.025239288969917954 0.5282987200064757 1.2956274362445446
0.025296262534184134 0.5272824308889442 1.2912383123664979
0.025353236098450315 0.5262721248646446 1.2863747139693942
0.025410209662716496 0.5252677411501607 1.2810491761864602
0.025467183226982677 0.5242692185232615 1.2752762247045202
0.025524156791248857 0.5232764953450695 1.2690722296704582
0.025581130355515038 0.5222895096125642 1.2624552437727548
0.02563810391978122 0.5213081990440717 1.2554448275347587
0.0256950774840474 0.5203325011999635 1.2480618649510657
0.02575205104831358 0.5193623536392923 1.2403283726161873
0.025809024612579758 0.5183976941123588 1.2322673054407145
0.02586599817684594 0.5174384607883609 1.2239023619301215
0.02592297174111212 0.5164845925163045 1.2152577918236274
0.0259799453053783 0.5155360291167813 1.2063582086628781
0.02603691886964448 0.5145927117012549 1.1972284095939778
0.02609389243391066 0.5136545830154133 1.187893204410285
0.026150865998176842 0.5127215878020231 1.1783772555280312
0.026207839562443023 0.5117936731787794 1.1687049302618069
0.026264813126709204 0.5108707890259161 1.1589001664416398
0.026321786690975384 0.5099528883781616 1.1489863520951649
0.026378760255241565 0.5090399278151888 1.1389862196156424
0.026435733819507746 0.5081318678444657 1.1289217545534995
0.026492707383773927 0.5072286732699856 1.1188141189125316
0.026549680948040107 0.5063303135402908 1.1086835886030795
0.026606654512306285 0.5054367630684593 1.098549504507648
0.026663628076572465 0.5045480015169915 1.0884302364488112
0.026720601640838646 0.5036640140395529 1.078343159217268
0.026777575205104827 0.5027847914718729 1.0683046397153957
0.026834548769371008 0.5019103304633847 1.0583300342011999
0.02689152233363719 0.5010406335411967 1.048433694572594
0.02694849589790337 0.5001757090977546 1.038628982614292
0.02700546946216955 0.4993155712937606 1.02892829113191
0.02706244302643573 0.4984602398676034 1.0193430709211488
0.02711941659070191 0.49760973984346374 1.0098838625580076
0.027176390154968092 0.4967641011301559 1.0005603320474528
0.027233363719234273 0.4959233580039702 0.9913813094292886
0.027290337283500454 0.49508754846958847 0.982354829509042
0.02734731084776663 0.49425671349445266 0.9734881739545632
0.02740428441203281 0.4934308961136286 0.9647879140761115
0.027461257976298992 0.4926101404040226 0.9562599536840914
0.027518231540565173 0.4917944903291307 0.9479095714955523
0.027575205104831354 0.4909839884577422 0.9397414626344293
0.027632178669097535 0.49017867456304615 0.9317597788426903
0.027689152233363715 0.48937858411116536 0.9239681670864304
0.027746125797629896 0.48858374665152465 0.9163698063051858
0.027803099361896077 0.4877941841242936 0.908967442111352
0.027860072926162258 0.48700990910363745 0.9017634193008965
0.02791704649042844 0.4862309229981057 0.8947597120859216
0.02797402005469462 0.4854572142329131 0.8879579520043892
0.0280309936189608 0.4846887564408679 0.8813594535021319
0.028087967183226977 0.48392550669144624 0.8749652372178814
0.028144940747493158 0.4831674037888522 0.8687760510330028
0.02820191431175934 0.4824143666713357 0.8627923889747392
0.02825888787602552 0.481666292944494 0.8570145080842364
0.0283158614402917 0.4809230575810979 0.8514424433804271
0.02837283500455788 0.480184511819188 0.8460760210654538
0.02842980856882406 0.4794504822884119 0.8409148701298867
0.028486782133090242 0.4787207703922089 0.8359584325242109
0.028543755697356423 0.4779951519702043 0.8312059720684231
0.028600729261622604 0.47727337726134467 0.8266565822741831
0.028657702825888785 0.47655517118354357 0.8223091932528891
0.028714676390154965 0.4758402339408628 0.8181625778801683
0.028771649954421146 0.4751282419632186 0.8142153573810414
0.028828623518687323 0.4744188491782081 0.8104660064921173
0.028885597082953504 0.47371168860811874 0.8069128583465978
0.028942570647219685 0.4730063742795201 0.8035541092159966
0.028999544211485866 0.47230250342650326 0.8003878232283601
0.029056517775752046 0.4715996589631118 0.7974119371682327
0.029113491340018227 0.47089741219521625 0.7946242654471631
0.029170464904284408 0.4701953257372398 0.7920225053175147
0.02922743846855059 0.46949295659524015 0.7896042423846792
0.02928441203281677 0.46878985937444695 0.7873669564566592
0.02934138559708295 0.46808558956703716 0.7853080277529085
0.02939835916134913 0.4673797068744141 0.7834247434783677
0.02945533272561531 0.46667177851768077 0.7817143047539742
0.029512306289881492 0.46596138249056174 0.7801738338804006
0.02956927985414767 0.46524811071016686 0.7788003818996189
0.02962625341841385 0.4645315720234078 0.7775909364074418
0.02968322698268003 0.46381139502992047 0.776542429560799
0.029740200546946212 0.46308723068593427 0.7756517462155927
0.029797174111212393 0.4623587546582483 0.7749157321244977
0.029854147675478573 0.46162566940202726 0.7743312021199458
0.029911121239744754 0.46088770594161477 0.7738949482041054
0.029968094804010935 0.4601446253389572 0.7736037474663041
0.030025068368277116 0.45939621983969114 0.7734543697480794
0.030082041932543296 0.45864231369280006 0.7734435849772471
0.030139015496809477 0.457882763644679 0.7735681700939222
0.030195989061075658 0.4571174591139153 0.7738249154946152
0.03025296262534184 0.45634632205760295 0.7742106309236703
0.030309936189608016 0.45556930654434796 0.7747221507453523
0.030366909753874197 0.4547863980527953 0.7753563385338246
0.030423883318140377 0.4539976125177666 0.7761100909226769
0.030480856882406558 0.453202995148469 0.7769803406598969
0.03053783044667274 0.4524026190454423 0.7779640588183377
0.03059480401093892 0.4515965836438004 0.7790582561159326
0.0306517775752051 0.4507850130115643 0.7802599833038429
0.03070875113947128 0.44996805403146756 0.7815663305846826
0.030765724703737462 0.44914587449472543 0.7829744260267744
0.030822698268003643 0.44831866113401814 0.7844814329445777
0.030879671832269823 0.44748661762192815 0.7860845462195797
0.030936645396536004 0.44664996255934714 0.787780987540537
0.030993618960802185 0.4458089274764184 0.7895679995477258
0.031050592525068362 0.44496375486663975 0.7914428388711644
0.031107566089334543 0.4441146962722628 0.7934027680610124
0.031164539653600724 0.4432620104370163 0.7954450464159407
0.031221513217866904 0.4424059615395341 0.7975669197253913
0.03127848678213309 0.44154681751876096 0.7997656089532846
0.031335460346399266 0.44068484850015044 0.802038297903528
0.03139243391066545 0.4398203253293057 0.8043821199227369
0.03144940747493163 0.4389535182177129 0.8067941437119491
0.031506381039197805 0.43808469550325585 0.8092713583378114
0.03156335460346399 0.43721412252656955 0.8118106575526407
0.031620328167730166 0.43634206062261055 0.8144088235548428
0.03167730173199635 0.4354687662256792 0.8170625103416556
0.03173427529626253 0.4345944900848524 0.8197682268300363
0.03179124886052871 0.43371947658580795 0.822522319942715
0.03184822242479489 0.4328439631744941 0.8253209578787238
0.03190519598906107 0.43196817987701625 0.8281601138082213
0.03196216955332725 0.4310923489103248 0.8310355502501957
0.032019143117593435 0.4302166843772501 0.8339428044072555
0.03207611668185961 0.42934139203993826 0.8368771747451984
0.032133090246125796 0.42846666916504067 0.8398337091129665
0.032190063810391974 0.4275927044345975 0.8428071947033052
0.03224703737465815 0.4267196779161593 0.8457921501527803
0.032304010938924335 0.4258477610861809 0.8487828200730622
0.03236098450319051 0.42497711690078294 0.8517731722921424
0.0324179580674567 0.4241078999081756 0.8547568980643321
0.032474931631722874 0.4232402563975007 0.857727415482349
0.03253190519598906 0.42237432457880136 0.8606778762915456
0.032588878760255235 0.421510234789634 0.8636011762682769
0.03264585232452142 0.42064810972349687 0.8664899692793468
0.0327028258887876 0.4197880646761709 0.8693366850904535
0.03275979945305378 0.41893020780600126 0.8721335509368014
0.03281677301731996 0.418074640404546 0.874872616812851
0.03287374658158614 0.4172214571743384 0.8775457843771175
0.03293072014585232 0.41637074651085754 0.8801448393085981
0.0329876937101185 0.4155225907859473 0.8826614868898016
0.03304466727438468 0.41467706663028464 0.8850873905328267
0.03310164083865086 0.413834245212862 0.8874142129088333
0.03315861440291704 0.4129941925155274 0.8896336592889669
0.03321558796718322 0.4121569696010553 0.8917375226585267
0.033272561531449404 0.4113226328733763 0.8937177301262529
0.03332953509571558 0.41049123432894336 0.8955663901180474
0.033386508659981766 0.4096628217983 0.8972758398208636
0.03344348222424794 0.40883743917733195 0.8988386923274835
0.03350045578851413 0.4080151266477872 0.9002478829276453
0.033557429352780305 0.4071959208868508 0.9014967139957483
0.03361440291704649 0.406379855265868 0.9025788979390174
0.033671376481312666 0.40556696003838916 0.9034885976939325
0.033728350045578843 0.40475726251789723 0.9042204642913457
0.03378532360984503 0.40395078724579375 0.9047696710512103
0.033842297174111205 0.40314755615023057 0.9051319440160529
0.03389927073837739 0.40234758869658854 0.905303588286968
0.033956244302643566 0.40155090203048227 0.905281509985216
0.03401321786690975 0.40075751111410746 0.9050632336261425
0.03407019143117593 0.3999674288570312 0.9046469147577834
0.03412716499544211 0.3991806662422262 0.9040313477838944
0.03418413855970829 0.39839723244849573 0.9032159689576085
0.034241112123974474 0.3976171349700749 0.9022008545977191
0.03429808568824065 0.3968403797344336 0.9009867146416134
0.034355059252506835 0.39606697121904516 0.8995748817080189
0.03441203281677301 0.39529691256786914 0.8979672958964479
0.03446900638103919 0.3945302057081994 0.8961664855983927
0.034525979945305374 0.3937668514684146 0.8941755446369534
0.03458295350957155 0.3930068496970078 0.8919981060871992
0.034639927073837735 0.3922501993831532 0.8896383131564359
0.03469690063810391 0.3914968987788545 0.8871007875248181
0.0347538742023701 0.390746945522693 0.884390595559556
0.034810847766636274 0.3900003367648345 0.8815132128220796
0.03486782133090246 0.3892570692930388 0.8784744872866288
0.034924794895168636 0.3885171396588196 0.8752806016819349
0.03498176845943482 0.38778054430335074 0.8719380353543674
0.035038742023701 0.3870472796818398 0.8684535260327633
0.03509571558796718 0.38631734238554666 0.8648340318528412
0.03515268915223336 0.38559072925996835 0.8610866939720988
0.035209662716499536 0.3848674375179771 0.8572188000770248
0.03526663628076572 0.3841474648461658 0.8532377490525197
0.0353236098450319 0.3834308095028467 0.8491510170500922
0.03538058340929808 0.38271747040592385 0.8449661251571063
0.03543755697356426 0.3820074472086163 0.8406906088353695
0.03549453053783044 0.38130074036131106 0.8363319892629517
0.03555150410209662 0.3805973511573077 0.831897746680517
0.035608477666362805 0.37989728176071613 0.8273952958114199
0.03566545123062898 0.3792005352143183 0.8228319633956591
0.035722424794895166 0.3785071154256121 0.8182149678496108
0.035779398359161343 0.37781702712921034 0.8135514010383763
0.03583637192342753 0.3771302758238225 0.8088482121251137
0.035893345487693705 0.3764468676824558 0.8041121934413411
0.03595031905195988 0.3757668094344363 0.799349968305222
0.036007292616226066 0.37509010821834765 0.7945679807001491
0.036064266180492244 0.37441677140504215 0.7897724867139584
0.03612123974475843 0.37374680639058083 0.7849695476300509
0.036178213309024605 0.3730802203589493 0.7801650245546735
0.03623518687329079 0.3724170200151423 0.7753645744599229
0.03629216043755697 0.37175721128951933 0.7705736475200387
0.03634913400182315 0.37110079901483445 0.7657974856174726
0.03640610756608933 0.37044778657788235 0.7610411218969699
0.03646308113035551 0.3697981755482096 0.7563093812482169
0.03652005469462169 0.3691519652867828 0.7516068816020198
0.036577028258887874 0.36850915253818123 0.746938035929738
0.03663400182315405 0.36786973101012327 0.742307054842264
0.03669097538742023 0.3672336909448864 0.7377179496910659
0.03674794895168641 0.3666010186872917 0.733174536081673
0.03680492251595259 0.36597169625457276 0.728680437717206
0.036861896080218774 0.3653457009135369 0.7242390904978381
0.03691886964448495 0.3647230047707654 0.7198537468098922
0.036975843208751136 0.36410357438176616 0.7155274799461814
0.03703281677301731 0.3634873703849382 0.7112631886070291
0.0370897903372835 0.3628743471663267 0.7070636014391111
0.037146763901549675 0.3622644525609252 0.7029312815759969
0.03720373746581586 0.3616576275960433 0.6988686311514546
0.037260711030082036 0.36105380628197087 0.6948778957626301
0.03731768459434822 0.36045291545473573 0.690961168866034
0.0373746581586144 0.35985487467524097 0.6871203960944023
0.037431631722880575 0.3592595961883192 0.6833573794872965
0.03748860528714676 0.3586669849448513 0.6796737816320353
0.037545578851412936 0.3580769386889671 0.6760711297152932
0.03760255241567912 0.35748934811185695 0.6725508194884043
0.0376595259799453 0.35690409707264054 0.6691141191515041
0.03771649954421148 0.3563210628859863 0.6657621731637369
0.03777347310847766 0.35574011667526967 0.6624960059875055
0.037830446672743843 0.3551611237890084 0.6593165257757757
0.03788742023701002 0.3545839442778054 0.6562245280114534
0.037944393801276205 0.35400843342766775 0.6532206991076209
0.03800136736554238 0.35343444234539045 0.6503056199771501
0.038058340929808566 0.35286181859049404 0.6474797695789382
0.038115314494074744 0.35229040684780577 0.6447435284469816
0.03817228805834092 0.3517200496343033 0.6420971822073704
0.038229261622607105 0.3511505880330542 0.639540925085976
0.03828623518687328 0.3505818624472668 0.6370748634088582
0.03834320875113947 0.3500137133667642 0.6346990190945999
0.038400182315405644 0.34944598213937794 0.6324133331366477
0.03845715587967183 0.34887851173961204 0.6302176690713832
0.038514129443938006 0.3483111475272171 0.6281118164259497
0.03857110300820419 0.3477437379883136 0.6260954941381551
0.03862807657247037 0.3471761354522307 0.6241683539386284
0.03868505013673655 0.34660819677752197 0.622329983684196
0.03874202370100273 0.34603978400120206 0.620579910629748
0.03879899726526891 0.3454707649457804 0.6189176046244692
0.03885597082953509 0.3449010137793026 0.6173424812170702
0.03891294439380127 0.3443304115242981 0.6158539046539031
0.03896991795806745 0.3437588465123055 0.6144511907524751
0.03902689152233363 0.3431862147812231 0.6131336096328638
0.03908386508659981 0.34261242041372403 0.6119003882884064
0.03914083865086599 0.3420373758154388 0.6107507129774239
0.039197812215132175 0.3414610019325395 0.6096837314172101
0.03925478577939835 0.3408832284089535 0.6086985547619226
0.039311759343664536 0.34030399368411735 0.6077942593464398
0.03936873290793071 0.33972324503273305 0.6069698881788413
0.0394257064721969 0.33914093854872 0.6062244521649981
0.039482680036463075 0.33855703907576906 0.60555693105011
0.03953965360072926 0.3379715200876178 0.6049662740630113
0.039596627164995436 0.33738436352138357 0.6044514002513839
0.039653600729261614 0.33679555956762797 0.6040111984972246
0.0397105742935278 0.3362051064210465 0.6036445272047263
0.039767547857793975 0.3356130099958945 0.6033502136549154
0.03982452142206016 0.3350192836103062 0.6031270530243781
0.03988149498632634 0.3344239476437987 0.6029738070683518
0.03993846855059252 0.33382702917208645 0.6028892024719937
0.0399954421148587 0.33322856158348974 0.6028719288771992
0.04005241567912488 0.33262858418091745 0.6029206365962019
0.04010938924339106 0.3320271417733319 0.6030339340275825
0.040166362807657244 0.331424284260522 0.6032103847942637
0.04022333637192342 0.330820066214532 0.6034485046279882
0.040280309936189605 0.33021454646121 0.6037467580289835
0.04033728350045578 0.3296077876647829 0.6041035547347231
0.04039425706472196 0.32899985591825803 0.6045172460355647
0.040451230628988144 0.32839082034211087 0.6049861209806633
0.04050820419325432 0.32778075269352913 0.6055084025208749
0.040565177757520506 0.3271697269880561 0.606082243640527
0.04062215132178668 0.3265578191353399 0.6067057235330506
0.04067912488605287 0.32594510659038345 0.60737684387934
0.040736098450319044 0.32533166802137004 0.6080935252903881
0.04079307201458523 0.32471758299504244 0.608853603978144
0.040850045578851406 0.32410293168016235 0.6096548287199789
0.04090701914311759 0.32348779456966353 0.6104948581833131
0.04096399270738377 0.3228722522215581 0.6113712586764453
0.04102096627164995 0.3222563850188352 0.6122815023912747
0.04107793983591613 0.3216402729481068 0.6132229662010232
0.04113491340018231 0.3210239953968709 0.6141929310739243
0.04119188696444849 0.3204076309689261 0.6151885821592998
0.04124886052871467 0.319791257317519 0.6162070095980154
0.04130583409298085 0.31917495099564475 0.6172452101031742
0.04136280765724703 0.3185587873227622 0.6183000893501139
0.04141978122151321 0.3179428402672999 0.619368465207197
0.04147675478577939 0.31732718234412793 0.6204470718302041
0.041533728350045575 0.3167118845261685 0.6215325646340966
0.04159070191431175 0.3160970161693207 0.6226215261460787
0.041647675478577936 0.31548264494990574 0.6237104727335167
0.041704649042844114 0.31486883681362837 0.6247958621902473
0.0417616226071103 0.31425565593535704 0.6258741021534064
0.041818596171376475 0.3136431646887767 0.6269415593130945
0.04187556973564266 0.3130314236251443 0.6279945693661654
0.04193254329990884 0.3124204914602974 0.6290294476558246
0.041989516864175014 0.31181042506921686 0.6300425004288217
0.0420464904284412 0.3112012794873858 0.6310300366337152
0.042103463992707375 0.31059310791819333 0.6319883801753183
0.04216043755697356 0.3099859617458414 0.6329138825337884
0.04221741112123974 0.30937989055308857 0.6338029356508108
0.04227438468550592 0.30877494214325824 0.6346519849809403
0.0423313582497721 0.30817116256606863 0.6354575426026977
0.04238833181403828 0.30756859614672477 0.6362162002820622
0.04244530537830446 0.3069672855179792 0.6369246423806858
0.042502278942570644 0.3063672716546371 0.6375796585017431
0.04255925250683682 0.30576859391033906 0.6381781557685998
0.042616226071103006 0.3051712900561871 0.6387171706353328
0.04267319963536918 0.30457539632108477 0.6391938801326196
0.04273017319963536 0.3039809474335037 0.6396056124587298
0.042787146763901544 0.3033879766644953 0.6399498568326583
0.04284412032816772 0.30279651587188283 0.6402242725340499
0.042901093892433906 0.3022065955453602 0.6404266970640791
0.04295806745670008 0.3016182448525324 0.6405551533705907
0.04301504102096627 0.30103149168571225 0.6406078560910672
0.043072014585232445 0.3004463627094111 0.640583216777574
0.04312898814949863 0.29986288340847 0.6404798480782077
0.043185961713764806 0.29928107813675825 0.6402965668607122
0.04324293527803099 0.2987009701663139 0.6400323962739906
0.04329990884229717 0.2981225817368841 0.6396865667538855
0.04335688240656335 0.29754593410579416 0.6392585159895176
0.04341385597082953 0.29697104759795895 0.638747887875595
0.043470829535095706 0.29639794165597433 0.638154530484932
0.04352780309936189 0.2958266348901395 0.6374784931035421
0.04358477666362807 0.29525714512817924 0.6367200223774799
0.04364175022789425 0.2946894894645134 0.6358795576273154
0.04369872379216043 0.2941236843088457 0.6349577253909124
0.043755697356426614 0.29355974543380625 0.6339553332601366
0.04381267092069279 0.2929976880213275 0.6328733630800664
0.043869644484958975 0.29243752670749856 0.631712963582005
0.04392661804922515 0.291879275625512 0.6304754425230471
0.04398359161349134 0.2913229484463165 0.6291622584054155
0.044040565177757514 0.2907685584166594 0.6277750118488943
0.0440975387420237 0.29021611839398187 0.626315436688125
0.044154512306289875 0.28966564087784397 0.6247853908652591
0.04421148587055605 0.2891171380373489 0.6231868471857063
0.04426845943482224 0.2885706217341768 0.6215218840017178
0.044325432999088414 0.2880261035407182 0.6197926758851777
0.0443824065633546 0.2874835947528901 0.6180014843468352
0.044439380127620776 0.2869431063971911 0.6161506486550108
0.04449635369188696 0.28640464923156117 0.6142425768022598
0.04455332725615314 0.2858682337396668 0.6122797366637347
0.04461030082041932 0.2853338701182656 0.6102646473862231
0.0446672743846855 0.28480156825735753 0.608199871041798
0.04472424794895168 0.28427133771279506 0.6060880045755009
0.04478122151321786 0.28374318767125883 0.6039316720714419
0.044838195077484044 0.2832171269074155 0.6017335173573439
0.04489516864175022 0.2826931637332312 0.599496196963034
0.0449521422060164 0.28217130593945583 0.5972223734442701
0.04500911577028258 0.28165156072947023 0.5949147090794547
0.04506608933454876 0.2811339346456426 0.592575859943068
0.045123062898814945 0.28061843348861304 0.5902084703564344
0.04518003646308112 0.2801050622298078 0.5878151677134654
0.045237010027347306 0.2795938249178683 0.5853985576762295
0.04529398359161348 0.2790847245795022 0.5829612197331634
0.04535095715587967 0.27857776311559834 0.5805057031103918
0.045407930720145845 0.2780729411933361 0.5780345230251529
0.04546490428441203 0.2775702581353062 0.5755501572690135
0.045521877848678206 0.27706971180666246 0.5730550431070861
0.04557885141294439 0.2765712985012892 0.5705515744792777
0.04563582497721057 0.2760750128283213 0.5680420994883169
0.045692798541476745 0.2755808476000624 0.565528918159581
0.04574977210574293 0.2750887937226817 0.5630142804571943
0.04580674567000911 0.2745988400909599 0.560500384541267
0.04586371923427529 0.2741109734882897 0.5579893752510058
0.04592069279854147 0.2736251784934205 0.5554833427991496
0.04597766636280765 0.27314143739502755 0.5529843216634318
0.04603463992707383 0.27265973011550265 0.5504942896614706
0.046091613491340014 0.27218003414505426 0.5480151671958281
0.04614858705560619 0.2717023244873084 0.5455488166572678
0.046205560619872375 0.2712265736174124 0.543097041974371
0.04626253418413855 0.270752751453587 0.5406615882986446
0.04631950774840474 0.27028082534289916 0.5382441418151386
0.046376481312670914 0.26981076006203875 0.535846329669048
0.04643345487693709 0.26934251783352486 0.5334697199997268
0.046490428441203276 0.2688760583578285 0.5311158220739367
0.04654740200546945 0.26841133886165025 0.528786086511047
0.04660437556973564 0.2679483141623617 0.5264819055933341
0.046661349134001814 0.26748693674856927 0.5242046136549795
0.046718322698268 0.26702715687660233 0.5219554875439131
0.046775296262534176 0.26656892268236626 0.5197357471510974
0.04683226982680036 0.26611218030814404 0.5175465560018268
0.04688924339106654 0.2656568740435061 0.5153890219045455
0.04694621695533272 0.265202946479467 0.5132641976519227
0.0470031905195989 0.26475033867495784 0.5111730817701023
0.04706016408386508 0.2642989903343344 0.5091166193112638
0.04711713764813126 0.26384883999485326 0.507095702685215
0.04717411121239744 0.26339982522258165 0.5051111725253953
0.04723108477666362 0.26295188281552134 0.503163818584835
0.0472880583409298 0.26250494901230087 0.5012543806573245
0.04734503190519598 0.26205895970503684 0.4993835495191071
0.04740200546946216 0.26161385065473836 0.4975519678860967
0.047458979033728345 0.2611695577077431 0.49576023138157865
0.04751595259799452 0.2607260170116338 0.4940088895092268
0.047572926162260706 0.26028316522910305 0.492298446625862
0.047629899726526884 0.25984093974830497 0.4906293629085625
0.04768687329079307 0.259399278888272 0.4890020553103002
0.047743846855059245 0.2589581220980849 0.4874168984983546
0.04780082041932543 0.2585174101484516 0.4858742257694736
0.04785779398359161 0.2580770853146553 0.4843743299359232
0.047914767547857784 0.25763709154970227 0.4829174641762502
0.04797174111212397 0.25719737464681536 0.4815038428449411
0.048028714676390145 0.25675788239036723 0.4801336422349572
0.04808568824065633 0.25631856469463177 0.47880700128738474
0.04814266180492251 0.2558793737297166 0.4775240222426543
0.04819963536918869 0.25544026403427 0.4762847712280141
0.04825660893345487 0.25500119261462173 0.47508927877624235
0.04831358249772105 0.25456211903016834 0.47393754027104823
0.04837055606198723 0.2541230054649269 0.4728295163150687
0.048427529626253414 0.2536838167852894 0.47176513301693657
0.04848450319051959 0.253244520584125 0.47074428219444503
0.048541476754785776 0.25280508721152956 0.46976682149180493
0.04859845031905195 0.2523654897924645 0.4688325744093052
0.04865542388331813 0.25192570423184907 0.46794133024511786
0.048712397447584314 0.25148570920748037 0.46709284394942163
0.04876937101185049 0.25104548615148037 0.46628683589234177
0.048826344576116676 0.2506050192208387 0.4655229915479738
0.04888331814038285 0.2501642952577135 0.46480096109811925
0.04894029170464904 0.24972330374030594 0.4641203589603134
0.048997265268915215 0.24928203672496732 0.4634807632458127
0.0490542388331814 0.24884048878037332 0.4628817151546447
0.049111212397447576 0.24839865691451712 0.46232271831570865
0.04916818596171376 0.24795654049535315 0.461803238081268
0.04922515952597994 0.24751414116585235 0.461322700786122
0.04928213309024612 0.24707146275423153 0.4608804929830541
0.0493391066545123 0.2466285111801926 0.46047596066697716
0.049396080218778476 0.2461852943578171 0.4601084085012002
0.04945305378304466 0.24574182209591078 0.45977709906013037
0.04951002734731084 0.24529810599643842 0.45948125210348106
0.04956700091157702 0.24485415935170268 0.4592200438974659
0.0496239744758432 0.24440999704090696 0.45899260659928454
0.049680948040109384 0.24396563542662777 0.4587980277211038
0.04973792160437556 0.24352109225177523 0.45863534969023245
0.049794895168641745 0.24307638653747904 0.4585035695219039
0.04985186873290792 0.24263153848240623 0.4584016386209842
0.04990884229717411 0.2421865693638368 0.45832846272843264
0.049965815861440284 0.2417415014409189 0.45828290202773675
0.05002278942570647 0.24129635786039416 0.4582637714257507
0.050079762989972645 0.24085116256506534 0.4582698410212897
0.05013673655423882 0.2404059402052299 0.4582998367735807
0.05019371011850501 0.23996071605332775 0.4583524413814637
0.050250683682771184 0.2395155159218889 0.4584262953823913
0.05030765724703737 0.23907036608497373 0.4585199984787139
0.050364630811303546 0.23862529320316364 0.4586321110967803
0.05042160437556973 0.2381803242521837 0.4587611561825546
0.05047857793983591 0.23773548645520165 0.45890562123491574
0.05053555150410209 0.23729080721878498 0.4590639605761911
0.05059252506836827 0.23684631407256743 0.45923459785676507
0.05064949863263445 0.23640203461252493 0.4594159287885755
0.05070647219690063 0.23595799644788384 0.4596063241000223
0.050763445761166814 0.23551422715155618 0.45980413270248277
0.05082041932543299 0.23507075421404516 0.4600076850566057
0.05087739288969917 0.23462760500074398 0.46021529672430084
0.05093436645396535 0.23418480671250627 0.4604252720905558
0.05099134001823153 0.23374238634943034 0.4606359082371667
0.051048313582497715 0.23330037067771964 0.46084549894899085
0.05110528714676389 0.23285878619950195 0.4610523388317573
0.051162260711030076 0.23241765912552018 0.4612547275191075
0.05121923427529625 0.23197701535057716 0.4614509739456935
0.05127620783956244 0.23153688043159676 0.461639400662133
0.051333181403828615 0.23109727956818504 0.46181834816703926
0.0513901549680948 0.2306582375856201 0.4619861792312002
0.051447128532360976 0.2302197789200893 0.4621412831886678
0.05150410209662716 0.22978192760612698 0.46228208016981354
0.05156107566089334 0.22934470726609787 0.4624070252517796
0.051618049225159515 0.22890814110162283 0.4625146125024217
0.0516750227894257 0.2284722518868646 0.46260337889467157
0.05173199635369188 0.22803706196355034 0.4626719080694424
0.05178896991795806 0.22760259323762416 0.4627188339263773
0.05184594348222424 0.22716886717742957 0.4627428440232691
0.05190291704649042 0.22673590481333045 0.4627426827666389
0.0519598906107566 0.22630372673868102 0.4627171543777019
0.052016864175022784 0.22587235311197876 0.462665125619776
0.05207383773928896 0.22544180366018682 0.46258552827529653
0.052130811303555145 0.2250120976830615 0.46247736136247836
0.05218778486782132 0.2245832540584165 0.46233969308385486
0.05224475843208751 0.22415529124816033 0.4621716625009828
0.052301731996353684 0.2237282273050763 0.4619724809316356
0.05235870556061986 0.22330207988018672 0.4617414330679324
0.052415679124886046 0.22287686623054895 0.4614778778157941
0.05247265268915222 0.22245260322745825 0.461181248858029
0.05252962625341841 0.22202930736483667 0.46085105494524886
0.052586599817684584 0.22160699476776335 0.4604868799204761
0.05264357338195077 0.22118568120091378 0.4600883824848633
0.052700546946216946 0.2207653820769051 0.4596552957136029
0.05275752051048313 0.22034611246428046 0.4591874263321947
0.05281449407474931 0.21992788709508979 0.4586846537645014
0.05287146763901549 0.21951072037185715 0.458146928965244
0.05292844120328167 0.21909462637383245 0.4575742730500066
0.05298541476754785 0.21867961886237294 0.45696677573702593
0.05304238833181403 0.21826571128530092 0.4563245936152506
0.053099361896080215 0.21785291678012014 0.45564794825365323
0.05315633546034639 0.21744124817593655 0.45493712416709065
0.05321330902461257 0.217030717993949 0.4541924666540361
0.05327028258887875 0.21662133844641826 0.4534143795214571
0.05332725615314493 0.21621312143395094 0.4526033227121301
0.053384229717411115 0.21580607854102696 0.4517598098491834
0.05344120328167729 0.21540022102968145 0.4508844057124922
0.053498176845943476 0.21499555983121998 0.4499777236609356
0.053555150410209654 0.21459210553594285 0.4490404230141157
0.05361212397447584 0.214189868380826 0.4480732064064772
0.053669097538742015 0.213788858235099 0.44707681712595565
0.0537260711030082 0.21338908458374156 0.44605203644888325
0.05378304466727438 0.2129905565088996 0.4449996809817307
0.05384001823154056 0.21259328266925223 0.4439206000198749
0.05389699179580674 0.21219727127738375 0.44281567293246665
0.053953965360072915 0.21180253007524288 0.4416858065818505
0.0540109389243391 0.21140906630781328 0.4405319327851325
0.05406791248860528 0.21101688669509305 0.43935500582476017
0.05412488605287146 0.210625997402558 0.43815600001402977
0.05418185961713764 0.21023640401028115 0.4369359073230011
0.05423883318140382 0.20984811148090293 0.43569573506917947
0.05429580674567 0.20946112412669649 0.4344365036770413
0.054352780309936184 0.20907544557593977 0.4331592445094572
0.05440975387420236 0.2086910787388935 0.43186499777378984
0.054466727438468546 0.20830802577361796 0.4305548105045739
0.05452370100273472 0.20792628805197985 0.4292297346243369
0.05458067456700091 0.20754586612611464 0.4278908250836334
0.054637648131267084 0.2071667596956586 0.4265391380807696
0.05469462169553326 0.2067889675761227 0.42517572936145764
0.054751595259799446 0.2064124876686577 0.4238016525981904
0.05480856882406562 0.20603731693160193 0.4224179578488203
0.05486554238833181 0.20566345135410732 0.4210256900935473
0.054922515952597985 0.20529088593215206 0.4196258878492224
0.05497948951686417 0.2049196146472547 0.41821958185978164
0.055036463081130346 0.20454963044819205 0.4168077938612748
0.05509343664539653 0.2041809252359685 0.4153915354199267
0.05515041020966271 0.20381348985230616 0.41397180684139223
0.05520738377392889 0.2034473140719057 0.41254959614952624
0.05526435733819507 0.20308238659863279 0.41112587813245927
0.05532133090246125 0.20271869506586346 0.40970161345418843
0.05537830446672743 0.20235622604109177 0.4082777478294346
0.05543527803099361 0.20199496503494618 0.40685521125964286
0.05549225159525979 0.20163489651466288 0.40543491732807524
0.05554922515952597 0.20127600392207148 0.4040177625515251
0.055606198723792154 0.20091826969613275 0.40260462578669876
0.05566317228805833 0.200561675299937 0.4011963676887717
0.055720145852324515 0.2002062012521701 0.39979383021993437
0.05577711941659069 0.19985182716288874 0.3983978362056338
0.05583409298085688 0.1994985317735026 0.39700918893611514
0.055891066545123054 0.1991462930007919 0.3956286718110051
0.05594804010938924 0.19879508798475956 0.39425704802448025
0.056005013673655415 0.19844489314005886 0.39289506028878407
0.0560619872379216 0.1980956842108189 0.3915434305935131
0.05611896080218778 0.1977474363284646 0.3902028599984078
0.056175934366453954 0.1974001240723484 0.38887402845714936
0.05623290793072014 0.19705372153279302 0.38755759466968304
0.056289881494986316 0.19670820237621467 0.3862541959606459
0.0563468550592525 0.19636353991200736 0.3849644481813966
0.05640382862351868 0.19601970716078196 0.38368894563311207
0.05646080218778486 0.1956766769236243 0.3824282610085169
0.05651777575205104 0.19533442185197306 0.3811829453496816
0.05657474931631722 0.19499291451777112 0.37995352801940774
0.0566317228805834 0.19465212748349567 0.3787405166837566
0.056688696444849584 0.19431203337172642 0.37754439730323724
0.05674567000911576 0.1939726049339011 0.3763656341301766
0.056802643573381946 0.19363381511787006 0.37520466971006705
0.05685961713764812 0.19329563713402376 0.3740619248843699
0.0569165907019143 0.19295804451957607 0.3729377987927716
