0.0 0.9999904942721394 0.47320416555706507
5.6973564266180484E-5 0.9999897315292077 0.49641246586452753
1.1394712853236097E-4 0.999990222304439 0.5196191205939416
1.7092069279854146E-4 0.9999922190394727 0.5428289866009613
2.2789425706472194E-4 0.9999960068918208 0.5660394463298868
2.8486782133090244E-4 1.0000020655594175 0.5892511471854008
3.418413855970829E-4 1.0000107951107038 0.6124664876759403
3.988149498632634E-4 1.0000227029319038 0.6356838664986588
4.557885141294439E-4 1.0000384205922703 0.6589051340217348
5.127620783956244E-4 1.0000585618081876 0.6821316169631216
5.697356426618049E-4 1.000083894145081 0.7053628864485195
6.267092069279853E-4 1.000115277220182 0.7286014540154089
6.836827711941658E-4 1.0001536209652617 0.7518482474589434
7.406563354603463E-4 1.0002000160336053 0.7751042174641599
7.976298997265268E-4 1.0002556414252526 0.7983722935241582
8.546034639927072E-4 1.0003217989032387 0.8216536636573902
9.115770282588877E-4 1.000399987491685 0.8449507565170169
9.685505925250683E-4 1.000491820346776 0.8682669220157124
0.0010255241567912487 1.0005991038785673 0.8916043385233413
0.0010824977210574292 1.0007238564845653 0.914967016341178
0.0011394712853236098 1.0008682630382386 0.9383589947830799
0.00119644484958979 1.0010347687681054 0.9617841209789123
0.0012534184138559706 1.0012260595048428 0.9852481994687329
0.0013103919781221511 1.0014450670526727 1.0087566953842146
0.0013673655423883317 1.0016950559148328 1.03231593469456
0.0014243391066545122 1.0019795971226295 1.0559339807869872
0.0014813126709206925 1.0023026259569803 1.0796188926004477
0.001538286235186873 1.0026685101580537 1.1033805908732477
0.0015952597994530536 1.0030820531968496 1.127230436030641
0.0016522333637192341 1.0035486041666346 1.1511808686144906
0.0017092069279854144 1.0040741166163534 1.175247422918366
0.001766180492251595 1.0046652138296384 1.1994472907297393
0.0018231540565177755 1.005329361177751 1.223800323295508
0.001880127620783956 1.006074963351669 1.2483310779561814
0.0019371011850501366 1.0069115275472154 1.2730675660767856
0.001994074749316317 1.00784990888313 1.2980431430765378
0.0020510483135824974 1.00890250026633 1.323298187224848
0.0021080218778486777 1.0100835011096359 1.3488804310862321
0.0021649954421148585 1.0114091620891363 1.374847858817828
0.0022219690063810388 1.0128979124943034 1.4012696644551474
0.0022789425706472195 1.014570378216646 1.4282278635308219
0.0023359161349134 1.0164489834216506 1.455820313786814
0.00239288969917958 1.0185569439606386 1.4841600150092311
0.002449863263445761 1.0209164037741065 1.5133744006680625
0.0025068368277119412 1.0235452409552668 1.5436027175321325
0.002563810391978122 1.0264523452714034 1.5749877490298292
0.0026207839562443023 1.029631263454875 1.607664268389449
0.0026777575205104826 1.0330524414763331 1.6417412550690904
0.0027347310847766633 1.0366549946714667 1.6772796113736719
0.0027917046490428437 1.0403394023477979 1.7142683952539397
0.0028486782133090244 1.0439632465272632 1.7525991999617463
0.0029056517775752047 1.047342420938218 1.7920486791675527
0.002962625341841385 1.0502596743095827 1.8322744965720463
0.003019598906107566 1.0524815310733786 1.8728248599806694
0.003076572470373746 1.0537828304168981 1.9131696745779545
0.0031335460346399264 1.0539757904002596 1.95275045757131
0.003190519598906107 1.0529388547719716 1.9910394182326683
0.0032474931631722875 1.0506395195519287 2.0276016535444934
0.0033044667274384682 1.0471457219662372 2.0621466511285838
0.0033614402917046485 1.0426225699753864 2.0945579909247702
0.003418413855970829 1.0373142206502617 2.124897088789248
0.0034753874202370096 1.0315141484762544 2.153378858083748
0.00353236098450319 1.0255297087075779 2.180327136360433
0.0035893345487693707 1.0196478011225723 2.2061201503828047
0.003646308113035551 1.0141077352203434 2.2311359366701304
0.0037032816773017313 1.0090850619379907 2.2557100971011894
0.003760255241567912 1.0046871270658233 2.2801096213120435
0.0038172288058340924 1.0009586058925357 2.3045227120827247
0.003874202370100273 0.9978935405913163 2.3290639034529086
0.003931175934366453 0.9954500091696847 2.3537869733237207
0.003988149498632634 0.9935643192295551 2.3787009508472097
0.004045123062898814 0.992162720698557 2.403786614912629
0.004102096627164995 0.9911699346562798 2.4290091273056076
0.0041590701914311756 0.9905147393146001 2.454327664876825
0.0042160437556973554 0.9901331815177452 2.4797025129982306
0.004273017319963536 0.9899700996501225 2.505098626641972
0.004329990884229717 0.9899794717485633 2.530487816458968
0.004386964448495898 0.9901238786496996 2.555849437800431
0.0044439380127620776 0.9903733661685551 2.581169153670778
0.004500911577028258 0.9907039691413962 2.6064373226133974
0.004557885141294439 0.9910961767382709 2.631647188900692
0.004614858705560619 0.9915336266145977 2.6567931537301583
0.0046718322698268 0.9920022025656763 2.6818695996373485
0.0047288058340929804 0.9924895631046099 2.7068707841072617
0.00478577939835916 0.9929849705001472 2.731791361143689
0.004842752962625341 0.9934792724791665 2.756626285727344
0.004899726526891522 0.9939649106620445 2.7813714199251893
0.004956700091157702 0.994435831352798 2.806024231039637
0.0050136736554238824 0.9948873368203309 2.8305830726170584
0.005070647219690063 0.995315927990566 2.855047351142654
0.005127620783956244 0.9957191108304351 2.8794177845974844
0.005184594348222424 0.9960952346191362 2.90369566419273
0.005241567912488605 0.9964433758185731 2.9278831705241593
0.005298541476754785 0.9967632552454093 2.9519833453799484
0.005355515041020965 0.9970552510228446 2.97599985818963
0.005412488605287146 0.9973204360588513 2.9999377376319574
0.005469462169553327 0.9975605676953286 3.0238029657528505
0.005526435733819507 0.9977780014409624 3.047602283937262
0.005583409298085687 0.9979754281719612 3.0713433127684246
0.005640382862351868 0.9981554976553392 3.0950330637939443
0.005697356426618049 0.9983204581145169 3.118677467094689
0.005754329990884229 0.9984718858227909 3.1422813536583543
0.0058113035551504095 0.9986106600252648 3.165847652052947
0.00586827711941659 0.998737178970602 3.1893782318029222
0.00592525068368277 0.9988516789616654 3.2128747649782317
0.005982224247948951 0.9989545872056801 3.2363389647819925
0.006039197812215132 0.9990467551354995 3.259773447403234
0.0060961713764813115 0.9991294806854044 3.2831814894847495
0.006153144940747492 0.9992043674933736 3.306566511314274
0.006210118505013673 0.9992730648451531 3.3299314698098748
0.006267092069279853 0.9993370220577782 3.3532770116627493
0.006324065633546034 0.9993973358103542 3.376599729140827
0.006381039197812214 0.9994546625993315 3.3998884433056045
0.006438012762078395 0.9995092131638821 3.4231168329051305
0.006494986326344575 0.999560737857438 3.4462318248086063
0.006551959890610756 0.9996084220164515 3.469131964444846
0.0066089334548769365 0.9996507217506098 3.4916320398230845
0.006665907019143116 0.9996850937293454 3.51341016653718
0.006722880583409297 0.9997076731398533 3.5339301349084815
0.006779854147675478 0.9997130325829183 3.5523385501345115
0.006836827711941658 0.999694073969769 3.5673415444054393
0.0068938012762078385 0.999642228375376 3.577073887261588
0.006950774840474019 0.9995481498609079 3.5789907669620566
0.0070077484047402 0.999402988541173 3.569825409535991
0.00706472196900638 0.9992003079950049 3.5456659997966327
0.007121695533272561 0.9989384810735997 3.5022053510524467
0.007178669097538741 0.998623145038538 3.4351933075216157
0.007235642661804921 0.9982690766444049 3.341079205752253
0.007292616226071102 0.9979006297512136 3.217767636043017
0.007349589790337283 0.997550049135084 3.0653429230752933
0.007406563354603463 0.9972533913396343 2.8865758644151023
0.007463536918869643 0.9970444419650668 2.6870261705074774
0.007520510483135824 0.996947936325519 2.4746217134174775
0.007577484047402004 0.9969738856429949 2.258725443676472
0.007634457611668185 0.9971147905886342 2.0488486919840643
0.0076914311759343655 0.9973469512643475 1.853295425551865
0.007748404740200546 0.9976357362791028 1.678068038197392
0.007805378304466726 0.9979433225900881 1.5262973010288239
0.007862351868732907 0.9982366101744 1.3983042381542277
0.007919325432999088 0.9984929384609668 1.2922084576146446
0.007976298997265268 0.9987021894976416 1.204841756709035
0.008033272561531449 0.9988652633232872 1.1326724446652445
0.008090246125797628 0.9989901349223271 1.0724988380663163
0.008147219690063809 0.9990873758937973 1.021800936310044
0.00820419325432999 0.9991666789209973 0.9787811299864011
0.00826116681859617 0.9992350928317334 0.9422119286801482
0.008318140382862351 0.9992968755620539 0.9112286443094109
0.008375113947128532 0.9993542012777137 0.8851638903723301
0.008432087511394711 0.9994079851094827 0.8634540152742621
0.008489061075660892 0.9994584986346411 0.8456046331488009
0.008546034639927072 0.9995056621572318 0.8311848468224713
0.008603008204193253 0.9995491695373918 0.8198236431929258
0.008659981768459434 0.9995886510336977 0.811202366453571
0.008716955332725615 0.9996238569849628 0.8050457479228885
0.008773928896991795 0.9996548352746802 0.801113643512376
0.008830902461257974 0.9996820485256561 0.7991965707368086
0.008887876025524155 0.9997063547490523 0.799112118203635
0.008944849589790336 0.9997289284667076 0.8006989339700468
0.009001823154056517 0.9997511660066064 0.8038110029938353
0.009058796718322697 0.9997745637889003 0.808313612496919
0.009115770282588878 0.9998006357280502 0.8140824843439716
0.009172743846855057 0.9998308535308973 0.8210081107852963
0.009229717411121238 0.9998665429384779 0.8290012261027518
0.009286690975387419 0.9999087746901067 0.8379934456927062
0.0093436645396536 0.9999583057253016 0.847931117315866
0.00940063810391978 1.000015598087992 0.8587635246917347
0.009457611668185961 1.0000809543558724 0.870430213877402
0.009514585232452142 1.0001547550527583 0.8828547517461821
0.00957155879671832 1.000237709750417 0.8959489510748726
0.009628532360984501 1.0003310501385048 0.9096260944726267
0.009685505925250682 1.0004366069051054 0.923817889271523
0.009742479489516863 1.000556729862897 0.9384864544575846
0.009799453053783044 1.0006941307588315 0.9536245735991054
0.009856426618049224 1.0008517465397577 0.9692452221996333
0.009913400182315403 1.001032647702642 0.9853656381213375
0.009970373746581584 1.0012400291890455 1.001993273046036
0.010027347310847765 1.0014772521627389 1.0191196695773483
0.010084320875113946 1.0017478779130875 1.0367212365083798
0.010141294439380126 1.0020557267165215 1.0547651764999237
0.010198268003646307 1.0024049273866784 1.0732191516818055
0.010255241567912488 1.0027999401830898 1.092058315928974
0.010312215132178667 1.0032456346283114 1.1112671032819053
0.010369188696444848 1.0037474007185065 1.1308374175345646
0.010426162260711028 1.0043113045939835 1.1507638114710974
0.01048313582497721 1.004944335550994 1.1710406342523128
0.01054010938924339 1.00565463434235 1.191664251902751
0.01059708295350957 1.0064516682409523 1.2126377127569397
0.010654056517775751 1.0073463657139152 1.233977685648823
0.01071103008204193 1.0083511121369144 1.255721261273506
0.010768003646308111 1.0094795994280894 1.277928530032704
0.010824977210574292 1.0107465022385997 1.3006817168599458
0.010881950774840473 1.0121668503748373 1.324080373946962
0.010938924339106653 1.0137550333718388 1.348232430610549
0.010995897903372834 1.0155233251282663 1.3732441377937985
0.011052871467639013 1.017479804406895 1.3992107614245384
0.011109845031905194 1.0196256193898576 1.4262102878614284
0.011166818596171375 1.0219515673651864 1.4542990294951303
0.011223792160437555 1.0244342265052981 1.4835056206617798
0.011280765724703736 1.027032114977359 1.5138259444688509
0.011337739288969917 1.0296824363739738 1.5452186631501217
0.011394712853236098 1.0322993069385589 1.5775969588340688
0.011451686417502277 1.0347745295954096 1.6108201153960109
0.011508659981768457 1.03698173915078 1.644690202849546
0.011565633546034638 1.0387844269927047 1.6789550248008134
0.011622607110300819 1.040047758588179 1.7133188240684136
0.011679580674567 1.040653220833132 1.7474611490079648
0.01173655423883318 1.0405142625812196 1.7810636625941934
0.01179352780309936 1.0395903257127874 1.8138424457519031
0.01185050136736554 1.037896423215642 1.84557845227921
0.011907474931631721 1.035505891652451 1.8761410208818892
0.011964448495897902 1.032544950821652 1.9055022096868768
0.012021422060164082 1.029179289656189 1.9337371524671
0.012078395624430263 1.0255947398073582 1.9610081236201007
0.012135369188696444 1.0219754732200697 1.9875358269378691
0.012192342752962623 1.0184837343148672 2.013562678827955
0.012249316317228804 1.0152447675485134 2.0393147728631034
0.012306289881494984 1.0123392293270563 2.0649719490209013
0.012363263445761165 1.0098034518546855 2.090651352137099
0.012420237010027346 1.0076362121718414 2.116405268987882
0.012477210574293527 1.0058094623205636 2.1422330308633444
0.012534184138559706 1.0042800973299388 2.1681014381141077
0.012591157702825886 1.0030004264657333 2.1939656007714006
0.012648131267092067 1.001925963063609 2.21978598218301
0.012705104831358248 1.0010200902049733 2.2455379212380175
0.012762078395624429 1.0002559450900057 2.2712136070131157
0.01281905195989061 0.9996160838083382 2.2968202304471896
0.01287602552415679 0.9990905185398586 2.3223736265820243
0.01293299908842297 0.9986738483249988 2.347890117022403
0.01298997265268915 0.9983620794669177 2.373382275046073
0.01304694621695533 0.9981497545838632 2.3988561668123887
0.013103919781221511 0.9980281355710477 2.4243093806536735
0.013160893345487692 0.9979848026565121 2.44973251068963
0.013217866909753873 0.9980046065441229 2.4751116863252727
0.013274840474020054 0.9980715712245549 2.50043206555748
0.013331814038286233 0.9981709374425312 2.5256817279413877
0.013388787602552413 0.9982906478119287 2.5508524935952632
0.013445761166818594 0.9984219391411037 2.5759402018157824
0.013502734731084775 0.9985589639189172 2.6009446027928527
0.013559708295350956 0.9986978262647693 2.625865685990192
0.013616681859617136 0.9988356045557382 2.6507005703248816
0.013673655423883315 0.9989696629533468 2.6754432996009436
0.013730628988149496 0.9990973887349512 2.7000848055355267
0.013787602552415677 0.9992163403040779 2.724613655950481
0.013844576116681858 0.9993245722831365 2.7490189838158168
0.013901549680948038 0.9994208482681041 2.7732945999199816
0.01395852324521422 0.9995045731110284 2.797441622654202
0.0140154968094804 0.9995754792135519 2.821468446046204
0.014072470373746579 0.9996331761365779 2.845389979127527
0.01412944393801276 0.9996767169804793 2.8692256244653986
0.01418641750227894 0.9997044477656559 2.8929952148467457
0.014243391066545121 0.9997142862909684 2.9167159317409617
0.014300364630811302 0.9997043576487077 2.94040098016916
0.014357338195077483 0.999673827058163 2.9640585058655944
0.014414311759343662 0.9996236818205232 2.9876913879387597
0.014471285323609842 0.9995571796679021 3.0112991090401957
0.014528258887876023 0.9994797786334715 3.034880110854772
0.014585232452142204 0.9993985866918514 3.058431932515094
0.014642206016408385 0.9993215483364523 3.081951164473244
0.014699179580674565 0.9992565271020373 3.105434858921603
0.014756153144940746 0.9992104311465769 3.1288799888068533
0.014813126709206925 0.9991885270473958 3.152281196275007
0.014870100273473106 0.9991939107749798 3.1756276582776533
0.014927073837739287 0.9992271215348003 3.1988961785257715
0.014984047402005467 0.9992859503944782 3.2220406224609652
0.015041020966271648 0.9993654423651059 3.244975926658564
0.015097994530537829 0.9994581742305837 3.2675537622389546
0.015154968094804008 0.999554811629371 3.289531077757012
0.015211941659070189 0.9996448072165384 3.3105284110426716
0.01526891522333637 0.9997171933367389 3.3299760004342303
0.01532588878760255 0.9997613775435393 3.3470523685014077
0.015382862351868731 0.9997678574346154 3.3606191251433706
0.015439835916134912 0.9997289100457847 3.3691625045149602
0.015496809480401092 0.9996392465363267 3.370759341581457
0.015553783044667271 0.9994966688165537 3.3630861668617285
0.015610756608933452 0.9993027640942609 3.343497601136236
0.015667730173199633 0.9990634968406578 3.3091967314217245
0.015724703737465814 0.9987896416111869 3.257506316188521
0.015781677301731994 0.9984969257138026 3.1862367493040518
0.015838650865998175 0.9982055515384359 3.0941164791327442
0.015895624430264356 0.997938925825901 2.981217186574638
0.015952597994530537 0.9977214601761922 2.8492857520957173
0.016009571558796717 0.9975754101583502 2.70188157170615
0.016066545123062898 0.9975171716623535 2.5442328505920093
0.016123518687329075 0.9975537365058152 2.382773725000097
0.016180492251595256 0.997680266925171 2.2243938031123407
0.016237465815861437 0.9978797864267103 2.0755194503715924
0.016294439380127618 0.9981254487789338 1.9412135376060609
0.0163514129443938 0.9983852569760724 1.8245013001888566
0.01640838650865998 0.9986283341370347 1.7260992706821574
0.01646536007292616 0.9988310535129695 1.6446238935040511
0.01652233363719234 0.9989813148013224 1.5772190668010302
0.01657930720145852 0.9990797146608456 1.5204211042463296
0.016636280765724702 0.9991372379331088 1.4710056428356568
0.016693254329990883 0.9991704268044851 1.4265790264599694
0.016750227894257064 0.9991958070003598 1.385785722964164
0.016807201458523244 0.9992254581873419 1.348146821672022
0.016864175022789422 0.9992651130788895 1.3136766057610993
0.016921148587055602 0.9993149319554521 1.2824858794209562
0.016978122151321783 0.9993719401460724 1.2545386129447909
0.017035095715587964 0.9994326144092458 1.22961978978044
0.017092069279854145 0.999494308783949 1.2074533341407272
0.017149042844120325 0.999555152659231 1.1878405546775994
0.017206016408386506 0.9996130306535217 1.1707062851389665
0.017262989972652687 0.9996647347648792 1.1560184133894431
0.017319963536918868 0.9997062398662816 1.1436416639205427
0.01737693710118505 0.9997341540837265 1.1332369264581468
0.01743391066545123 0.9997475169977075 1.1242864288737033
0.01749088422971741 0.9997489157912689 1.1162472990628065
0.01754785779398359 0.9997441623103135 1.1087586223707038
0.017604831358249768 0.9997405456563971 1.1017901772902474
0.01766180492251595 0.9997445065575807 1.095653720196648
0.01771877848678213 0.999759765917193 1.090870782998131
0.01777575205104831 0.9997866324972242 1.0879578214026364
0.01783272561531449 0.9998226243354045 1.087223176487565
0.017889699179580672 0.9998639295653021 1.0886518854126694
0.017946672743846852 0.9999070709163811 1.0919052911602918
0.018003646308113033 0.999950249042175 1.0964197828887894
0.018060619872379214 0.99999402240227 1.1015601731438514
0.018117593436645395 1.0000412998975952 1.106775551226994
0.018174567000911575 1.0000967955841495 1.1117192207836866
0.018231540565177756 1.000166108080506 1.116308749508723
0.018288514129443937 1.0002547041446197 1.120716570839268
0.018345487693710114 1.0003671210969638 1.1253020928962014
0.018402461257976295 1.0005065624017493 1.1305091599989554
0.018459434822242476 1.00067495390684 1.136756981193284
0.018516408386508657 1.0008733730770936 1.1443539321882055
0.018573381950774837 1.001102579975098 1.1534517150440564
0.018630355515041018 1.0013634440554877 1.1640388544177103
0.0186873290793072 1.0016572097772027 1.175964408366726
0.01874430264357338 1.0019855961208348 1.1889788811396576
0.01880127620783956 1.0023508412204736 1.2027783176949567
0.01885824977210574 1.0027558320387775 1.2170453536881525
0.018915223336371922 1.0032043325365372 1.231485838322239
0.018972196900638102 1.0037012832723962 1.2458595056254298
0.019029170464904283 1.0042531070151028 1.2600051789371671
0.01908614402917046 1.0048679071396298 1.2738597869625425
0.01914311759343664 1.005555497547438 1.2874678592725128
0.019200091157702822 1.006327228249417 1.300978780299548
0.019257064721969003 1.0071956146615075 1.3146304626466339
0.019314038286235184 1.0081738142047802 1.3287211544833795
0.019371011850501364 1.0092749413144249 1.3435732076386104
0.019427985414767545 1.0105112310290378 1.359493974918485
0.019484958979033726 1.011893018195447 1.3767412539130381
0.019541932543299907 1.0134274179308802 1.3954981590120237
0.019598906107566087 1.0151166893294081 1.4158598548509471
0.019655879671832268 1.0169562596348451 1.4378339764584689
0.01971285323609845 1.0189323909955894 1.461351564199633
0.01976982680036463 1.0210197019289424 1.4862840977599754
0.019826800364630807 1.0231788415497083 1.5124628253644736
0.019883773928896988 1.0253547099227793 1.5396934517534073
0.01994074749316317 1.0274758496226484 1.5677630564262723
0.01999772105742935 1.0294556280719465 1.5964413186787854
0.02005469462169553 1.0311957236052247 1.6254788273306144
0.02011166818596171 1.032592230606116 1.6546080870706819
0.02016864175022789 1.0335442515710864 1.6835513300883953
0.020225615314494072 1.033964356397416 1.712035433007988
0.020282588878760253 1.0337897356723789 1.739812652398593
0.020339562443026434 1.032992408566287 1.7666823530600917
0.020396536007292614 1.0315866494376478 1.7925112176394624
0.020453509571558795 1.0296317802168204 1.8172503818148427
0.020510483135824976 1.0272290591294957 1.8409428970222144
0.020567456700091157 1.024512467471889 1.8637210542132905
0.020624430264357334 1.021634233853939 1.8857961442005569
0.020681403828623515 1.0187472263318607 1.907436452693766
0.020738377392889695 1.015987399780094 1.9289346460297812
0.020795350957155876 1.013459566487457 1.9505700330042937
0.020852324521422057 1.0112292328819001 1.9725692843110085
0.020909298085688238 1.0093219597758183 1.9950758120708656
0.02096627164995442 1.0077296966973845 2.0181370379591015
0.0210232452142206 1.0064218463191195 2.0417104963560733
0.02108021877848678 1.0053577633719109 2.0656876992566846
0.02113719234275296 1.0044972232840133 2.089929375083614
0.02119416590701914 1.0038064636695556 2.1143013339883785
0.021251139471285322 1.0032591682374314 2.138701553373485
0.021308113035551503 1.0028336072181128 2.1630710019123507
0.02136508659981768 1.0025084080383466 2.187388139455773
0.02142206016408386 1.0022595316119154 2.211652857855163
0.02147903372835004 1.00206017698955 2.2358665116650442
0.021536007292616222 1.0018837950971438 2.2600171941226668
0.021592980856882403 1.0017087914345595 2.284075541186908
0.021649954421148584 1.0015227765661676 2.308000038767135
0.021706927985414765 1.0013244324889756 2.3317495972139817
0.021763901549680945 1.0011220478384966 2.355297656578157
0.021820875113947126 1.0009292543255617 2.3786412548028895
0.021877848678213307 1.0007596110136256 2.401802753760264
0.021934822242479488 1.0006220157288912 2.424824551654132
0.02199179580674567 1.0005184472252293 2.447759609529048
0.02204876937101185 1.000444475985088 2.4706608849376575
0.022105742935278026 1.0003919554238316 2.4935720431914654
0.022162716499544207 1.0003525995529579 2.516522078431947
0.022219690063810388 1.0003210049625886 2.5395236119698334
0.02227666362807657 1.000296189609851 2.5625744816022404
0.02233363719234275 1.0002813677823996 2.585662702746615
0.02239061075660893 1.0002822871067214 2.6087718750885673
0.02244758432087511 1.0003049081657547 2.6318863194558384
0.02250455788514129 1.000353190788204 2.654995429638187
0.022561531449407472 1.000427575777099 2.6780944313679065
0.022618505013673653 1.0005244823920492 2.7011836445851376
0.022675478577939834 1.000636732011017 2.724267295701952
0.022732452142206015 1.00075467718815 2.747350434517876
0.022789425706472195 1.0008677389436456 2.7704375343590826
0.022846399270738373 1.000965969817426 2.793532312268427
0.022903372835004553 1.0010414627954032 2.8166364856644943
0.022960346399270734 1.0010894255530876 2.839751116106695
0.023017319963536915 1.0011086827256375 2.862877502571344
0.023074293527803096 1.0011016422628747 2.886013545749581
0.023131267092069276 1.0010737487069619 2.9091506149946795
0.023188240656335457 1.0010323982577918 2.932270931989676
0.023245214220601638 1.0009856001277988 2.955343546154213
0.02330218778486782 1.0009406807433128 2.97832326607091
0.023359161349134 1.000903221037676 3.0011525062904063
0.02341613491340018 1.0008764561131493 3.0237635881567697
0.02347310847766636 1.0008611659969582 3.046079948437302
0.02353008204193254 1.0008559737624494 3.0680113001044194
0.02358705560619872 1.0008579636534136 3.089440838127937
0.0236440291704649 1.0008633675819991 3.1102037822202635
0.02370100273473108 1.0008681586143848 3.130054522224988
0.02375797629899726 1.0008684876622131 3.1486260536539445
0.023814949863263442 1.000860775660293 3.165385566812633
0.023871923427529623 1.0008414799493315 3.1795862291711283
0.023928896991795803 1.000806759240109 3.1902221540862663
0.023985870556061984 1.000752184648853 3.195996185301094
0.024042844120328165 1.0006727466329797 3.1953091816444563
0.024099817684594346 1.0005633748440603 3.186285114376124
0.024156791248860526 1.0004199045135922 3.166846265537772
0.024213764813126707 1.0002403392803902 3.134850292139891
0.024270738377392888 1.0000261368136154 3.088297455500289
0.024327711941659065 0.9997831344730105 3.0256002966797673
0.024384685505925246 0.9995219141680999 2.9458922715707825
0.024441659070191427 0.9992574540565794 2.849338477415551
0.024498632634457607 0.9990079047074767 2.7373895933501364
0.024555606198723788 0.9987925393370527 2.612909044109475
0.02461257976298997 0.9986290498597411 2.480111972858407
0.02466955332725615 0.9985304946245774 2.344273978286894
0.02472652689152233 0.9985024766644643 2.2112065278075126
0.02478350045578851 0.9985412589112376 2.086551417949561
0.024840474020054692 0.9986335030418648 1.9750031822071983
0.024897447584320873 0.9987580629408032 1.8796132194724875
0.024954421148587053 0.9988897416588389 1.8013404919710934
0.025011394712853234 0.9990043937754292 1.7389824155713967
0.02506836827711941 0.9990842062649061 1.6895457327574799
0.025125341841385592 0.9991216827451138 1.6490027544887311
0.025182315405651773 0.9991211155086189 1.6132627223977187
0.025239288969917954 0.9990968909757618 1.5791118450523538
0.025296262534184134 0.999068856903799 1.5448597086435407
0.025353236098450315 0.9990560469009432 1.5105017916207673
0.025410209662716496 0.999070672748571 1.4773549367852823
0.025467183226982677 0.9991143959124689 1.44729154696951
0.025524156791248857 0.9991783204819775 1.4218406894121831
0.025581130355515038 0.9992467763333578 1.401478999787795
0.02563810391978122 0.9993035729106525 1.3853669620169562
0.0256950774840474 0.9993384315382086 1.3716244718961745
0.02575205104831358 0.999351022018632 1.3580326903114865
0.025809024612579758 0.9993510053092078 1.342879586642307
0.02586599817684594 0.9993541251509712 1.3256158532221411
0.02592297174111212 0.9993758936931597 1.30706561985781
0.0259799453053783 0.9994254803465605 1.2891144053235872
0.02603691886964448 0.9995022722455251 1.2740096285140423
0.02609389243391066 0.9995962758520737 1.2635531269926474
0.026150865998176842 0.9996919645369476 1.2584866885175714
0.026207839562443023 0.9997737992845273 1.2582752157952848
0.026264813126709204 0.9998311677127959 1.2613205419162459
0.026321786690975384 0.9998611346334538 1.2654793275541136
0.026378760255241565 0.9998684542008435 1.2686743111410035
0.026435733819507746 0.9998634372083565 1.2693951553626672
0.026492707383773927 0.999858956430453 1.2669709439564487
0.026549680948040107 0.9998676340229958 1.2616003849467912
0.026606654512306285 0.9998997753306365 1.2541947046820092
0.026663628076572465 0.999962183725719 1.2461171795109358
0.026720601640838646 1.000057610218963 1.2388927596058108
0.026777575205104827 1.0001847421325953 1.233933730350553
0.026834548769371008 1.0003388646617368 1.2323150399954435
0.02689152233363719 1.0005131671777892 1.23462550533869
0.02694849589790337 1.0007005520716639 1.2409100654600873
0.02700546946216955 1.0008956023698943 1.2507088750941668
0.02706244302643573 1.00109608082999 1.2631783378274084
0.02711941659070191 1.001303541496704 1.2772563005003639
0.027176390154968092 1.0015230392503538 1.291832345555355
0.027233363719234273 1.0017621603729783 1.3058961445762554
0.027290337283500454 1.0020297917921683 1.3186494192416427
0.02734731084776663 1.0023350161993245 1.3295778870510784
0.02740428441203281 1.002686337869558 1.3384840251077446
0.027461257976298992 1.0030913199092317 1.345481518120144
0.027518231540565173 1.003556553927289 1.3509518538405927
0.027575205104831354 1.0040878679369831 1.3554681859333424
0.027632178669097535 1.0046907319906184 1.3597032108241978
0.027689152233363715 1.0053706925699029 1.3643408477561383
0.027746125797629896 1.0061337055798862 1.3700046220599953
0.027803099361896077 1.0069863463479634 1.3772119192808194
0.027860072926162258 1.0079357541144651 1.3863539131377711
0.02791704649042844 1.008989261278987 1.397690220972129
0.02797402005469462 1.0101538029612793 1.4113525696646632
0.0280309936189608 1.0114350237422323 1.4273553759463788
0.028087967183226977 1.0128360216659353 1.445606718274004
0.028144940747493158 1.0143558300254252 1.4659188439680932
0.02820191431175934 1.0159876534516268 1.4880219425191445
0.02825888787602552 1.017716928622773 1.5115817845028339
0.0283158614402917 1.0195194121464397 1.5362228252052432
0.02837283500455788 1.0213594855728447 1.5615557741000714
0.02842980856882406 1.0231889915367696 1.587203577969947
0.028486782133090242 1.02494703994165 1.6128218508171468
0.028543755697356423 1.026561193088019 1.6381113034829984
0.028600729261622604 1.0279503942816297 1.6628219023257211
0.028657702825888785 1.0290298533322586 1.6867530035850347
0.028714676390154965 1.0297178475601905 1.709753694957304
0.028771649954421146 1.0299440416330845 1.731726357091376
0.028828623518687323 1.0296585088727166 1.7526333485523735
0.028885597082953504 1.0288403416382763 1.7725039851669464
0.028942570647219685 1.027504399371099 1.7914406882866845
0.028999544211485866 1.0257045785621437 1.809619354858129
0.029056517775752046 1.023532407110257 1.8272792822388924
0.029113491340018227 1.0211102965278165 1.8447071545221556
0.029170464904284408 1.0185795266647433 1.8622156180826337
0.02922743846855059 1.0160843308059115 1.8801139482146572
0.02928441203281677 1.0137544402296774 1.898677868442582
0.02934138559708295 1.011688983181277 1.9181220759824087
0.02939835916134913 1.0099449794906208 1.9385746753250144
0.02945533272561531 1.0085330624339146 1.9600602586181477
0.029512306289881492 1.0074216118471497 1.9824965200500815
0.02956927985414767 1.0065487885373139 2.0057070381679423
0.02962625341841385 1.005839918992978 2.0294532632518134
0.02968322698268003 1.0052261086039063 2.0534773901698844
0.029740200546946212 1.0046596352865256 2.0775434856029062
0.029797174111212393 1.0041223357062292 2.1014687122105724
0.029854147675478573 1.0036249899538872 2.125135551715175
0.029911121239744754 1.0031983206144186 2.148482862325729
0.029968094804010935 1.002878537949922 2.171483747731807
0.030025068368277116 1.0026918641291611 2.1941201539353994
0.030082041932543296 1.0026426910134298 2.2163656064421393
0.030139015496809477 1.002708740338473 2.2381821457094397
0.030195989061075658 1.00284444016695 2.2595290672061807
0.03025296262534184 1.0029912459369337 2.2803813607889056
0.030309936189608016 1.0030915365435595 2.300751209471234
0.030366909753874197 1.0031019437849868 2.3207005594521597
0.030423883318140377 1.0030024927895254 2.3403401740117316
0.030480856882406558 1.0027993673889741 2.3598157227498526
0.03053783044667274 1.002521176960574 2.37928242928294
0.03059480401093892 1.0022104359083768 2.3988754923158315
0.0306517775752051 1.0019129575404848 2.418684804086145
0.03070875113947128 1.0016680040981156 2.4387406586502065
0.030765724703737462 1.0015013255521923 2.459016876425095
0.030822698268003643 1.001422017172494 2.479451214122923
0.030879671832269823 1.001423053507798 2.499974592340945
0.030936645396536004 1.001484634369694 2.520539083987174
0.030993618960802185 1.001579136032152 2.5411361799334835
0.031050592525068362 1.0016765085949049 2.561800241505198
0.031107566089334543 1.0017492144525082 2.582598142181539
0.031164539653600724 1.0017760833616527 2.6036114095568057
0.031221513217866904 1.001744733960073 2.624918573890974
0.03127848678213309 1.0016524809253076 2.6465827684536674
0.031335460346399266 1.0015058748617995 2.6686456798711595
0.03139243391066545 1.0013191602806164 2.691125948602338
0.03144940747493163 1.0011119841267406 2.7140181258499023
0.031506381039197805 1.0009066767392658 2.737288322809533
0.03156335460346399 1.0007253964099034 2.760866701543553
0.031620328167730166 1.0005873836550492 2.784642410938601
0.03167730173199635 1.000506554422008 2.808465947880716
0.03173427529626253 1.0004897716925252 2.8321597656136577
0.03179124886052871 1.0005361846574115 2.855538480022115
0.03184822242479489 1.0006377751516775 2.878436689288261
0.03190519598906107 1.000780974905863 2.900733423423333
0.03196216955332725 1.0009490361361084 2.922363500719532
0.032019143117593435 1.0011245664722477 2.9433112650602444
0.03207611668185961 1.0012916081690213 2.9635823538839148
0.032133090246125796 1.0014369563706877 2.983157306730346
0.032190063810391974 1.0015506305546114 3.0019389937612107
0.03224703737465815 1.0016256415381188 3.019702530119498
0.032304010938924335 1.0016574468253012 3.0360558615988342
0.03236098450319051 1.0016433734701344 3.05041712348039
0.0324179580674567 1.0015821452268328 3.062003306065705
0.032474931631722874 1.0014736828355404 3.069823231869385
0.03253190519598906 1.0013191537267425 3.072675451208055
0.032588878760255235 1.0011211003532239 3.069152991812676
0.03264585232452142 1.0008836343405874 3.0576626364329647
0.0327028258887876 1.0006126855838657 3.0364787603324785
0.03275979945305378 1.0003161772463882 3.0038506319053364
0.03281677301731996 1.000004125080605 2.9581686516467003
0.03287374658158614 0.9996887446126935 2.8981856396354226
0.03293072014585232 0.9993844674601962 2.8232764975613125
0.0329876937101185 0.9991076819509777 2.7336978924076143
0.03304466727438468 0.9988760781719981 2.6307999277839857
0.03310164083865086 0.9987074176452503 2.5171439009223295
0.03315861440291704 0.998617596824486 2.396479177200903
0.03321558796718322 0.9986181862751365 2.2735427333996623
0.033272561531449404 0.9987138569684773 2.153671344630979
0.03332953509571558 0.9989002461994293 2.0422449053555454
0.033386508659981766 0.9991629220168973 1.9440165086684718
0.03344348222424794 0.9994779735794039 1.8624266590685097
0.03350045578851413 0.9998144808817364 1.799028207183677
0.033557429352780305 1.0001387292988029 1.7531587729186067
0.03361440291704649 1.00041953454763 1.721974050690632
0.033671376481312666 1.0006336878258566 1.7008937330174865
0.033728350045578843 1.0007702989020502 1.684424118885658
0.03378532360984503 1.0008328220719709 1.6672202776577962
0.033842297174111205 1.000837999577969 1.6451679349837414
0.03389927073837739 1.0008116047510007 1.6162310308276027
0.033956244302643566 1.0007817327070325 1.5808380960723223
0.03401321786690975 1.0007712944335554 1.5416813001298992
0.03407019143117593 1.000791722134019 1.5029522622954425
0.03412716499544211 1.0008397475706727 1.469192601525831
0.03418413855970829 1.0008984059142199 1.444058392209475
0.034241112123974474 1.000942068205113 1.429335349874221
0.03429808568824065 1.0009440927571973 1.4244747837499079
0.034355059252506835 1.0008848725215584 1.4267754640805825
0.03441203281677301 1.0007577719073073 1.4321446827650126
0.03446900638103919 1.0005712213993772 1.436197603621415
0.034525979945305374 1.0003465473520907 1.435365895546728
0.03458295350957155 1.0001123872991597 1.4277017953620976
0.034639927073837735 0.9998976475781823 1.4131796831679608
0.03469690063810391 0.9997252381546026 1.3934729636160854
0.0347538742023701 0.999608254831131 1.371344412418996
0.034810847766636274 0.9995492977117101 1.349883379669038
0.03486782133090246 0.9995424242788249 1.3318232310975755
0.034924794895168636 0.9995765199096825 1.3190903043164801
0.03498176845943482 0.9996387676463839 1.3126266909374185
0.035038742023701 0.9997172091260217 1.3124330280992431
0.03509571558796718 0.9998021901315015 1.3177345117419894
0.03515268915223336 0.9998870440234457 1.3271940198678602
0.035209662716499536 0.9999683945477187 1.3391356303158917
0.03526663628076572 1.000046367594578 1.3517742292078092
0.0353236098450319 1.0001246022673265 1.3634540577318253
0.03538058340929808 1.0002097105483307 1.3728722336322055
0.03543755697356426 1.0003100980124568 1.3792418197107907
0.03549453053783044 1.0004342862232778 1.3823495978377542
0.03555150410209662 1.0005892591650742 1.3824899602972607
0.035608477666362805 1.0007795251034306 1.3803125881926877
0.03566545123062898 1.0010070396267718 1.3766541160766292
0.035722424794895166 1.0012717868267602 1.3724119253404814
0.035779398359161343 1.001572630123574 1.3684877005036213
0.03583637192342753 1.001907856660407 1.3657753941953323
0.035893345487693705 1.0022753621881682 1.365134231058375
0.03595031905195988 1.0026728652457995 1.36731024154436
0.036007292616226066 1.0030984811369215 1.372809668546351
0.036064266180492244 1.0035519590299398 1.381771057074459
0.03612123974475843 1.004036341169835 1.3939081071516737
0.036178213309024605 1.0045592580482796 1.4085619656338315
0.03623518687329079 1.005133292350727 1.4248508307120287
0.03629216043755697 1.0057750656254707 1.441867494056138
0.03634913400182315 1.0065031314397885 1.4588514956419136
0.03640610756608933 1.0073354000477723 1.4752851066555022
0.03646308113035551 1.0082867452762765 1.4909081541266207
0.03652005469462169 1.0093671774253041 1.505672587452497
0.036577028258887874 1.010580766914369 1.5196730115900792
0.03663400182315405 1.0119250853877026 1.5330852419368168
0.03669097538742023 1.013390888649412 1.5461242981459735
0.03674794895168641 1.0149618755215482 1.5590227338640403
0.03680492251595259 1.016614318575803 1.5720229720220131
0.036861896080218774 1.0183165553775513 1.5853749983959113
0.03691886964448495 1.0200284122070868 1.5993347209514177
0.036975843208751136 1.0217006893744018 1.6141550861118443
0.03703281677301731 1.0232751165886913 1.6300643614712735
0.0370897903372835 1.0246852290012003 1.6472333091311335
0.037146763901549675 1.0258586183613796 1.665737511426723
0.03720373746581586 1.0267209350149473 1.6855304373207554
0.037260711030082036 1.0272015622309507 1.7064394951822526
0.03731768459434822 1.0272406438757902 1.7281854583401353
0.0373746581586144 1.0267968922392863 1.7504247429741506
0.037431631722880575 1.0258551047693965 1.772803828057453
0.03748860528714676 1.0244322887593584 1.7950079674041068
0.037545578851412936 1.0225812673448713 1.8167997306199395
0.03760255241567912 1.0203904690983052 1.8380426832271268
0.0376595259799453 1.0179791382876573 1.8587021369880818
0.03771649954421148 1.0154878694989977 1.878829024756848
0.03777347310847766 1.0130649015693007 1.8985335162132968
0.037830446672743843 1.0108496315522595 1.9179508709699522
0.03788742023701002 1.0089556589756556 1.9372096031496064
0.037944393801276205 1.0074560078418031 1.9564071969303625
0.03800136736554238 1.0063733640577235 1.9755934492606604
0.038058340929808566 1.00567765877458 1.9947665580216234
0.038115314494074744 1.0052921034902347 2.013881007074684
0.03817228805834092 1.005107319353612 2.0328623202045004
0.038229261622607105 1.0050014299164436 2.0516284429752143
0.03828623518687328 1.0048624703914069 2.070112485809365
0.03834320875113947 1.0046088033992828 2.0882800171645637
0.038400182315405644 1.004203321644383 2.1061404833447006
0.03845715587967183 1.0036583575711961 2.1237508465350143
0.038514129443938006 1.0030303206838915 2.141210314306509
0.03857110300820419 1.0024053221281568 2.158650162156845
0.03862807657247037 1.001879050697605 2.176220546634336
0.03868505013673655 1.0015354915782428 2.1940754553840884
0.03874202370100273 1.001429149086036 2.2123582785793823
0.03879899726526891 1.0015744044746877 2.2311871961016214
0.03885597082953509 1.0019438255243864 2.2506403193038826
0.03891294439380127 1.0024749925079781 2.2707435547540014
0.03896991795806745 1.0030834851238382 2.2914619001465946
0.03902689152233363 1.0036786079396012 2.312695218160499
0.03908386508659981 1.004178290363606 2.3342827187056576
0.03914083865086599 1.0045203690314004 2.356017458403958
0.039197812215132175 1.0046688734006066 2.377668333733328
0.03925478577939835 1.0046153682312793 2.3990082919092917
0.039311759343664536 1.004376339923373 2.4198463086053925
0.03936873290793071 1.0039879908132816 2.4400565144049495
0.0394257064721969 1.0034997203485512 2.4595981866028684
0.039482680036463075 1.002967170047484 2.478521300194369
0.03953965360072926 1.0024454169377734 2.496953180278521
0.039596627164995436 1.0019828831086697 2.5150694477920768
0.039653600729261614 1.0016165681764557 2.5330602069130315
0.0397105742935278 1.0013691738649093 2.551103694908179
0.039767547857793975 1.0012484081232076 2.5693555729076025
0.03982452142206016 1.0012482943769394 2.5879519813336964
0.03988149498632634 1.0013519135036548 2.6070172408715093
0.03993846855059252 1.0015346790158999 2.626665476947462
0.0399954421148587 1.001767349460541 2.6469856780621352
0.04005241567912488 1.0020185731178333 2.6680128281808986
0.04010938924339106 1.0022570920903882 2.6897020500332767
0.040166362807657244 1.0024538498744138 2.7119179758032574
0.04022333637192342 1.0025843351278452 2.7344462181461564
0.040280309936189605 1.002631055528007 2.757029631532482
0.04033728350045578 1.002585525860402 2.7794164048759606
0.04039425706472196 1.002449151098096 2.8014011300365147
0.040451230628988144 1.0022325724642571 2.8228463541862245
0.04050820419325432 1.0019534919211732 2.8436768137249184
0.040565177757520506 1.0016335867914243 2.8638490189039283
0.04062215132178668 1.0012953659072874 2.8833079585478365
0.04067912488605287 1.0009597620861534 2.9019427691393513
0.040736098450319044 1.0006448941495543 2.919552141051031
0.04079307201458523 1.0003658500156172 2.9358236042362273
0.040850045578851406 1.0001349943657312 2.9503221582828725
0.04090701914311759 0.9999622076656635 2.9624821345615606
0.04096399270738377 0.9998545832792815 2.9715965566484424
0.04102096627164995 0.9998154791521993 2.9768003818099666
0.04107793983591613 0.9998432347581299 2.9770504345367237
0.04113491340018231 0.9999301584291321 2.971114365058859
0.04119188696444849 1.0000623623332163 2.957586763892695
0.04124886052871467 1.000220796883765 2.934945992542466
0.04130583409298085 1.000383589821322 2.90166069075197
0.04136280765724703 1.0005293194852178 2.8563479694579073
0.04141978122151321 1.0006405335357464 2.7979696870358595
0.04147675478577939 1.0007068364015517 2.7260474582247762
0.041533728350045575 1.0007267823609876 2.6408733263645536
0.04159070191431175 1.0007080638908987 2.5436818099148946
0.041647675478577936 1.000666004890592 2.4367518520505365
0.041704649042844114 1.000620522433054 2.3234100117314016
0.0417616226071103 1.0005920380815105 2.2079027070772463
0.041818596171376475 1.0005971537201175 2.0951212259689513
0.04187556973564266 1.0006447603702997 1.9901818199940196
0.04193254329990884 1.0007332993321274 1.897882253291008
0.041989516864175014 1.0008499051401327 1.822094605513742
0.0420464904284412 1.000971725883925 1.765183380189047
0.042103463992707375 1.0010694405065648 1.7275516683906622
0.04216043755697356 1.00111261961126 1.7074255312004853
0.04221741112123974 1.0010759970986607 1.700962042573087
0.04227438468550592 1.000945466575259 1.7027144347306156
0.0423313582497721 1.0007224975743019 1.7064228088073325
0.04238833181403828 1.0004258045214645 1.7060190056509672
0.04244530537830446 1.0000896679808362 1.6966693155825254
0.042502278942570644 0.9997588891321852 1.6756484555957365
0.04255925250683682 0.9994810833223425 1.642845210291542
0.042616226071103006 0.9992978085545514 1.6007628080204295
0.04267319963536918 0.9992364012786039 1.5539858100513066
0.04273017319963536 0.9993044196279294 1.5082088337033135
0.042787146763901544 0.9994881798648438 1.469036079089469
0.04284412032816772 0.9997558911038544 1.440828359262521
0.042901093892433906 1.0000646997983047 1.4258678646755385
0.04295806745670008 1.0003698882315804 1.4240287977469088
0.04301504102096627 1.0006338702397553 1.4330053614487874
0.043072014585232445 1.0008327341799825 1.4489973669713803
0.04312898814949863 1.0009588874610231 1.467634297006248
0.043185961713764806 1.001019605381818 1.4848723386475824
0.04324293527803099 1.0010324922638891 1.4976400698676053
0.04329990884229717 1.0010196715121087 1.5041182006386054
0.04335688240656335 1.0010025826255657 1.5036750814705353
0.04341385597082953 1.000998598340687 1.496585467455638
0.043470829535095706 1.0010198400426082 1.483701951074613
0.04352780309936189 1.0010736337646795 1.4662185888026795
0.04358477666362807 1.0011634173991657 1.4455728644514902
0.04364175022789425 1.0012892259084525 1.4234356693990766
0.04369872379216043 1.0014474688255304 1.401691098053735
0.043755697356426614 1.0016303027794324 1.382312342809644
0.04381267092069279 1.0018255876650206 1.3671082895284041
0.043869644484958975 1.0020182550254841 1.3574110559530077
0.04392661804922515 1.0021931711525696 1.3538251626750923
0.04398359161349134 1.0023389234983062 1.356153731627515
0.044040565177757514 1.002451156499803 1.3635506251710028
0.0440975387420237 1.0025340184153197 1.3748368687375228
0.044154512306289875 1.0025991618052386 1.388845786385237
0.04421148587055605 1.0026625768526176 1.4046527513876708
0.04426845943482224 1.0027405098974278 1.4216000134841553
0.044325432999088414 1.0028462394489333 1.4391409636656556
0.0443824065633546 1.002988782014217 1.4566244142840443
0.044439380127620776 1.0031736673890452 1.4731636378625996
0.04449635369188696 1.0034050253751159 1.4876921163742471
0.04455332725615314 1.0036875671574976 1.4992039455805921
0.04461030082041932 1.0040274233680102 1.5070728025228872
0.0446672743846855 1.0044316011440897 1.5113018307208408
0.04472424794895168 1.004906590869114 1.5125823582527858
0.04478122151321786 1.0054572163437994 1.5121296394305728
0.044838195077484044 1.0060864878803608 1.5113659870057874
0.04489516864175022 1.0067965532310175 1.511572738801019
0.0449521422060164 1.0075902872254259 1.5136330516252172
0.04500911577028258 1.0084725404642687 1.5179350406856167
0.04506608933454876 1.0094503227875025 1.5244273992706074
0.045123062898814945 1.010531771791307 1.5327761040012142
0.04518003646308112 1.0117239937458091 1.5425551371726802
0.045237010027347306 1.013030275275453 1.5534117011069137
0.04529398359161348 1.0144472158521542 1.5651788056122011
0.04535095715587967 1.0159619671631184 1.5779236413931563
0.045407930720145845 1.0175498836037045 1.5919252094620115
0.04546490428441203 1.0191729470585187 1.6075910694978501
0.045521877848678206 1.0207792216848868 1.6253301062435606
0.04557885141294439 1.0223038139014398 1.6454086138547046
0.04563582497721057 1.0236716463093607 1.6678341904449268
0.045692798541476745 1.024801886386067 1.6923027039118401
0.04574977210574293 1.0256137623210477 1.718220075829723
0.04580674567000911 1.0260333282612497 1.7447920725491994
0.04586371923427529 1.0260005377581576 1.771154316914912
0.04592069279854147 1.0254761102412437 1.7965057334350194
0.04597766636280765 1.0244476830002303 1.8202195118105475
0.04603463992707383 1.0229345337134017 1.8419159501391242
0.046091613491340014 1.0209901591113182 1.861488142972808
0.04614858705560619 1.0187020450849635 1.879083236103421
0.046205560619872375 1.0161879247272934 1.8950481996699668
0.04626253418413855 1.0135881630797927 1.9098493918977344
0.04631950774840474 1.0110545160391968 1.9239838703049834
0.046376481312670914 1.008735953206457 1.9379032016349549
0.04643345487693709 1.0067628847471186 1.9519594425113544
0.046490428441203276 1.005231870060339 1.9663780473309789
0.04654740200546945 1.0041931063451826 1.9812572102562402
0.04660437556973564 1.0036429649247738 1.996583711362334
0.046661349134001814 1.0035234599122034 2.0122592487842352
0.046718322698268 1.0037294355744992 2.028134284305096
0.046775296262534176 1.0041229944758159 2.044042124283648
0.04683226982680036 1.0045534170024981 2.0598299184425954
0.04688924339106654 1.0048795340708891 2.075384820074049
0.04694621695533272 1.0049908177317546 2.0906517445778547
0.0470031905195989 1.004823474480813 2.1056437798809893
0.04706016408386508 1.0043685182775564 2.120446553677582
0.04711713764813126 1.0036702818862302 2.1352150941173726
0.04717411121239744 1.0028157663723385 2.150161613758013
0.04723108477666362 1.0019171612133206 2.165532221666989
0.0472880583409298 1.0010912506908949 2.181573419470505
0.04734503190519598 1.0004399075321124 2.198492836853325
0.04740200546946216 1.0000354104532718 2.216422768495758
0.047458979033728345 0.9999128225310987 2.235398029142651
0.04751595259799452 1.000069768346784 2.255353165048769
0.047572926162260706 1.0004723480214162 2.2761393293042764
0.047629899726526884 1.00106466075127 2.2975584354016805
0.04768687329079307 1.0017790958717596 2.3194021871366832
0.047743846855059245 1.0025453116907883 2.3414837176904157
0.04780082041932543 1.0032967870086087 2.363656443554268
0.04785779398359161 1.0039749411949712 2.3858150491782992
0.047914767547857784 1.0045317464203085 2.4078824625351323
0.04797174111212397 1.0049317195396703 2.4297947650099188
0.048028714676390145 1.005153682135779 2.451489311675635
0.04808568824065633 1.005192149733832 2.4728977434521457
0.04814266180492251 1.0050576243620877 2.4939452429849243
0.04819963536918869 1.0047749793064602 2.5145529132538886
0.04825660893345487 1.004379698304863 2.5346406457825728
0.04831358249772105 1.0039125266787465 2.5541333342437755
0.04837055606198723 1.0034137213598462 2.572974480570736
0.048427529626253414 1.002918314601616 2.591144696137867
0.04848450319051959 1.0024535888352817 2.608678918581458
0.048541476754785776 1.0020391405043183 2.6256782658714997
0.04859845031905195 1.0016888427081732 2.6423088741338416
0.04865542388331813 1.001413440172469 2.6587818068894675
0.048712397447584314 1.001222375439815 2.675319679256413
0.04876937101185049 1.0011238148738149 2.692118064609995
0.048826344576116676 1.0011228398977845 2.7093094019587616
0.04888331814038285 1.001218646683658 2.7269390198053327
0.04894029170464904 1.0014020382241076 2.74495735261036
0.048997265268915215 1.0016544884790557 2.763227495034712
0.0490542388331814 1.0019494150967352 2.781543091738901
0.049111212397447576 1.0022554776797437 2.7996482172827166
0.04916818596171376 1.002541011541055 2.8172540605867784
0.04922515952597994 1.0027782832537941 2.8340455890220233
0.04928213309024612 1.0029465264911561 2.8496730325744677
0.0493391066545123 1.0030332115377536 2.8637327160193675
0.049396080218778476 1.0030334945860064 2.8757403364376133
0.04945305378304466 1.0029484707417655 2.8851013557123033
0.04951002734731084 1.0027830453263473 2.8910907843653377
0.04956700091157702 1.0025440222401678 2.8928473744723475
0.0496239744758432 1.002238892530384 2.8893831009747375
0.049680948040109384 1.0018754337060438 2.879609723596234
0.04973792160437556 1.0014619077137132 2.862376915796973
0.049794895168641745 1.001007638414458 2.836520474451751
0.04985186873290792 1.0005236435554752 2.8009270717357
0.04990884229717411 1.0000230598797402 2.754620936989592
0.049965815861440284 0.9995212918718903 2.6968806319313163
0.05002278942570647 0.9990358212720417 2.6273883959014688
0.050079762989972645 0.9985857380295119 2.546399517414728
0.05013673655423882 0.9981910907281174 2.454910253953685
0.05019371011850501 0.9978720130689399 2.3547913558097506
0.050250683682771184 0.9976475812280959 2.2488481967733964
0.05030765724703737 0.9975342749487133 2.1407745310886073
0.050364630811303546 0.9975439535716254 2.0349731845098087
0.05042160437556973 0.9976815899334629 1.9362346431512076
0.05047857793983591 0.9979431623064496 1.8492905609091737
0.05053555150410209 0.9983142596066649 1.778279427737695
0.05059252506836827 0.9987700758785395 1.726187707195626
0.05064949863263445 0.9992771222759709 1.6943522303520384
0.05070647219690063 0.9997965943121093 1.682113086477859
0.050763445761166814 1.0002890362352832 1.6867012493367348
0.05082041932543299 1.0007195188931244 1.703424241050241
0.05087739288969917 1.0010623602957855 1.7261668301097923
0.05093436645396535 1.0013044974578487 1.7481663848322824
0.05099134001823153 1.0014467918941792 1.7629634029605135
0.051048313582497715 1.0015029237409456 1.7653752982332798
0.05110528714676389 1.001495996319973 1.7523129629140446
0.051162260711030076 1.00145349025192 1.723270428065587
0.05121923427529625 1.001401643184561 1.6803718118643989
0.05127620783956244 1.0013604545648591 1.6279454972212577
0.051333181403828615 1.0013404367562353 1.5717001158052262
0.0513901549680948 1.0013418393519464 1.5176750278407174
0.051447128532360976 1.0013563428471104 1.4711920152087228
0.05150410209662716 1.001370622171932 1.4360328991637437
0.05156107566089334 1.00137073746339 1.4140108734227157
0.051618049225159515 1.0013460394324978 1.404995037522817
0.0516750227894257 1.0012915374115234 1.4073246964218604
0.05173199635369188 1.0012082183938094 1.4184536463143724
0.05178896991795806 1.0011013930727477 1.4356146934988068
0.05184594348222424 1.0009778615327751 1.4563123157387112
0.05190291704649042 1.0008431130533726 1.4785353966527255
0.0519598906107566 1.0006996752752573 1.5006940182716626
0.052016864175022784 1.0005473297842518 1.5213866022932006
0.05207383773928896 1.0003851875903254 1.539163224483947
0.052130811303555145 1.0002148115510041 1.5524404401921332
0.05218778486782132 1.000043113154895 1.5596477560673714
0.05224475843208751 0.9998836564755302 1.5595748479170302
0.052301731996353684 0.999755478005282 1.5517825467319448
0.05235870556061986 0.9996795825167701 1.5368933666298412
0.052415679124886046 0.9996741678268458 1.5166119548918064
0.05247265268915222 0.999750148762754 1.4934208659403059
0.05252962625341841 0.9999087225334764 1.4700270063463055
0.052586599817684584 1.000141983831915 1.448748419927864
0.05264357338195077 1.0004363097808102 1.4310607254495735
0.052700546946216946 1.0007772960948889 1.4174611032347637
0.05275752051048313 1.0011544022480434 1.4076877884982884
0.05281449407474931 1.0015634779021105 1.4011866570878646
0.05287146763901549 1.002006392787926 1.3976150398438012
0.05292844120328167 1.0024882372828505 1.3971698960809917
0.05298541476754785 1.0030134838635636 1.4006079998366872
0.05304238833181403 1.0035829567808539 1.4089600040933417
0.053099361896080215 1.0041929403091479 1.423071788614711
0.05315633546034639 1.0048367006040126 1.4431676837679255
0.05321330902461257 1.0055077216184973 1.4686101249387784
0.05327028258887875 1.0062031578377562 1.4979420607121343
0.05332725615314493 1.0069260254008947 1.529176161458691
0.053384229717411115 1.0076854583318788 1.5602093080667767
0.05344120328167729 1.0084951081546214 1.5892205826297792
0.053498176845943476 1.0093703673245191 1.6149418808368603
0.053555150410209654 1.0103253651865083 1.636757205189267
0.05361212397447584 1.0113703827366987 1.6546526116063862
0.053669097538742015 1.012509904252423 1.6690727443723152
0.0537260711030082 1.0137411912340148 1.6807399618357781
0.05378304466727438 1.0150532264192584 1.6904713281632626
0.05384001823154056 1.0164261701466162 1.699015196759524
0.05389699179580674 1.0178315367327375 1.7069270818491422
0.053953965360072915 1.019233191566692 1.714501060307973
0.0540109389243391 1.0205891308540609 1.7217727063475217
0.05406791248860528 1.021853570960479 1.7285975198897252
0.05412488605287146 1.0229787041368346 1.7347773812860083
0.05418185961713764 1.023915849282143 1.7401898020817357
0.05423883318140382 1.0246161158329226 1.7448780664538477
0.05429580674567 1.0250311243800714 1.7490757290303516
0.054352780309936184 1.025114629111875 1.7531708555933923
0.05440975387420236 1.0248256146685217 1.757642251959055
0.054466727438468546 1.024132869323321 1.7629995028429832
0.05452370100273472 1.0230205388175537 1.7697403718617097
0.05458067456700091 1.0214938308141641 1.77831906140262
0.054637648131267084 1.019583896639235 1.7891099806531254
0.05469462169553326 1.0173509554053988 1.802358739041437
0.054751595259799446 1.0148848940437822 1.8181310952161853
0.05480856882406562 1.0123026231006873 1.836286268245351
0.05486554238833181 1.009741583349089 1.8564945938252844
0.054922515952597985 1.0073493462369016 1.87830099593096
0.05497948951686417 1.0052698776844737 1.9012170697857858
0.055036463081130346 1.003627769521257 1.924807157248576
0.05509343664539653 1.0025126501545996 1.948740009970126
0.05515041020966271 1.0019662857987213 1.9728004716259557
0.05520738377392889 1.0019746633103228 1.9968658513321549
0.05526435733819507 1.002466938313879 2.020861180111684
0.05532133090246125 1.0033220824061113 2.044713198315813
0.05537830446672743 1.0043827841885398 2.068311997241166
0.05543527803099361 1.0054750351118458 2.091486973137145
0.05549225159525979 1.0064305897149253 2.114005890538201
0.05554922515952597 1.007108720026355 2.1355971623574797
0.055606198723792154 1.007413685258926 2.1559925753916795
0.05566317228805833 1.0073048795548183 2.1749824105476705
0.055720145852324515 1.0067980155852814 2.192463374280263
0.05577711941659069 1.0059576068927596 2.2084636342195
0.05583409298085688 1.004882708784651 2.2231405576740273
0.055891066545123054 1.0036891574767328 2.236753834390512
0.05594804010938924 1.0024920322980966 2.249622970508768
0.056005013673655415 1.0013916088879964 2.2620806365235313
0.0560619872379216 1.0004648677897572 2.274432217245437
0.05611896080218778 0.999762974664441 2.2869272400896747
0.056175934366453954 0.9993136323633651 2.299744896935297
0.05623290793072014 0.9991260776726809 2.312996011465308
0.056289881494986316 0.9991961261588086 2.3267377176611026
0.0563468550592525 0.9995093690621486 2.3409940793181097
0.05640382862351868 1.000041744792091 2.355778093778362
0.05646080218778486 1.0007580197493502 2.3711054733387207
0.05651777575205104 1.001610008879847 2.3869954439065673
0.05657474931631722 1.002536596671672 2.4034645234680934
0.0566317228805834 1.0034669816145607 2.4205154054897444
0.056688696444849584 1.0043275573063293 2.4381246198636024
0.05674567000911576 1.0050512519158825 2.45623612488336
0.056802643573381946 1.0055869569154952 2.4747598078866613
0.05685961713764812 1.0059064905191752 2.4935754940840105
0.0569165907019143 1.006006968543062 2.512544755193376
